["port 4","RIGHT"]
["port 6","RIGHT"]
["port 1","LEFT"]
["port 3","RIGHT"]
["port 2","RIGHT"]
["port 5","RIGHT"]
("port 1","mode 1",1,"port 1",1,"transmission")
(15, 3)
1.8169239878787881e+14 1.2804396633364962e-02 -5.8504041947846952e-01
1.8264118416013928e+14 1.8498567394520583e-02 -2.5148542989339782e+00
1.8359993053368331e+14 3.2039303396182283e-03 -1.3058050157693415e-02
1.8456879560246262e+14 6.5615623023216885e-03 -2.0285390899955460e+00
1.8554794040671972e+14 6.2288228959673118e-03 -3.2746489949481963e+00
1.8653752942222225e+14 8.8947791769751934e-03 -3.4572667899753240e+00
1.8753773065236819e+14 5.5592185537986991e-03 -3.5449173457246013e+00
1.8854871572327044e+14 1.6315333075242943e-03 -3.9541427003772331e+00
1.8957065998193316e+14 1.8715716200741429e-03 -6.9294997252277044e+00
1.9060374259763853e+14 2.8378644883523142e-03 -7.4538769411327204e+00
1.9164814666666669e+14 6.5834139202175521e-03 -8.4643535199445648e+00
1.9270405932047750e+14 8.5074476611281102e-03 -8.9529297569161521e+00
1.9377167183748847e+14 4.6479794583555254e-03 -7.7008064294266614e+00
1.9485117975858869e+14 1.4417192786973737e-03 -8.4470789376496533e+00
1.9594278300653594e+14 4.1060642765239847e-03 -1.1130966986211154e+01
("port 1","mode 1",1,"port 2",1,"transmission")
(15, 3)
1.8169239878787881e+14 3.1584511581261315e-01 -5.6297852047961761e-01
1.8264118416013928e+14 3.4472192015518466e-01 2.4640616634043875e+00
1.8359993053368331e+14 3.4970770174157018e-01 5.4940942829458201e+00
1.8456879560246262e+14 3.6332670806735645e-01 8.5979897395898259e+00
1.8554794040671972e+14 3.7118052197682272e-01 1.1734545607397481e+01
1.8653752942222225e+14 3.8350746120668416e-01 8.6372510703970864e+00
1.8753773065236819e+14 3.9202970831907563e-01 5.5727493131608243e+00
1.8854871572327044e+14 4.0112135694918233e-01 2.6086469033355759e+00
1.8957065998193316e+14 4.1077543768458241e-01 -3.2402063267797354e-01
1.9060374259763853e+14 4.1775280369834272e-01 -3.2164972987068641e+00
1.9164814666666669e+14 4.2087523031372365e-01 -6.0571331934701389e+00
1.9270405932047750e+14 4.2470775886982637e-01 -8.8568345622109206e+00
1.9377167183748847e+14 4.2820407443014130e-01 -1.1621646328668040e+01
1.9485117975858869e+14 4.2009468262737876e-01 -1.4335515148938867e+01
1.9594278300653594e+14 4.1662198387173760e-01 -1.7035488440675284e+01
("port 1","mode 1",1,"port 3",1,"transmission")
(15, 3)
1.8169239878787881e+14 3.9169070506681458e-01 -2.4631903905212749e+00
1.8264118416013928e+14 3.9629240578807706e-01 5.6482582329173758e-01
1.8359993053368331e+14 4.0109379958729185e-01 3.6385902928512337e+00
1.8456879560246262e+14 4.0317967620955708e-01 6.7379283633026050e+00
1.8554794040671972e+14 4.0493653687290526e-01 3.6051749450272115e+00
1.8653752942222225e+14 4.0648641178591738e-01 5.0750707882777835e-01
1.8753773065236819e+14 4.0519745652312078e-01 -2.5347328916863314e+00
1.8854871572327044e+14 4.0898931109500170e-01 -5.5081436217407456e+00
1.8957065998193316e+14 4.1455870761928515e-01 -8.4469231439931036e+00
1.9060374259763853e+14 4.1771920938579848e-01 -1.1348105214073827e+01
1.9164814666666669e+14 4.1863532526219582e-01 -1.4197675302961560e+01
1.9270405932047750e+14 4.1741255985952908e-01 -1.7010844487237559e+01
1.9377167183748847e+14 4.1793255977199367e-01 -1.9773102195426326e+01
1.9485117975858869e+14 4.1520863405415409e-01 -2.2520416716241620e+01
1.9594278300653594e+14 4.0157079865451906e-01 -2.5209393297809598e+01
("port 1","mode 1",1,"port 4",1,"transmission")
(15, 3)
1.8169239878787881e+14 4.0453029685992159e-01 3.0548035059339065e+00
1.8264118416013928e+14 3.9853439762031995e-01 -2.5313493144857431e-02
1.8359993053368331e+14 4.3575779524383601e-01 3.0399499631807037e+00
1.8456879560246262e+14 4.3739144690468956e-01 6.1689488314956851e+00
1.8554794040671972e+14 4.4384373357505336e-01 9.3045499020686506e+00
1.8653752942222225e+14 4.3405855961926582e-01 6.2165013999961856e+00
1.8753773065236819e+14 4.4117573278170280e-01 3.1761363825066273e+00
1.8854871572327044e+14 4.3214080287203377e-01 1.8652163897772508e-01
1.8957065998193316e+14 4.2364680012237815e-01 -2.7544825213624664e+00
1.9060374259763853e+14 4.1630926952450392e-01 -5.6651514796199800e+00
1.9164814666666669e+14 4.0936920666395593e-01 -8.5298940108518071e+00
1.9270405932047750e+14 4.0204356571260580e-01 -1.1341501549708447e+01
1.9377167183748847e+14 4.0809264093755238e-01 -1.4106116993433593e+01
1.9485117975858869e+14 4.0058606760616011e-01 -1.6861133012466091e+01
1.9594278300653594e+14 3.9093219551833774e-01 -1.9518429113307498e+01
("port 1","mode 1",1,"port 5",1,"transmission")
(15, 3)
1.8169239878787881e+14 3.9169069937502915e-01 -2.4631903673786559e+00
1.8264118416013928e+14 3.9629239897653179e-01 5.6482584691958726e-01
1.8359993053368331e+14 4.0109379160351605e-01 3.6385903207920691e+00
1.8456879560246262e+14 4.0317966916027004e-01 6.7379283897243889e+00
1.8554794040671972e+14 4.0493652947290459e-01 3.6051749687174142e+00
1.8653752942222225e+14 4.0648639829079763e-01 5.0750711115459901e-01
1.8753773065236819e+14 4.0519744614209130e-01 -2.5347328695904854e+00
1.8854871572327044e+14 4.0898928985208305e-01 -5.5081435822250011e+00
1.8957065998193316e+14 4.1455868234247201e-01 -8.4469231047333686e+00
1.9060374259763853e+14 4.1771918455525803e-01 -1.1348105178098583e+01
1.9164814666666669e+14 4.1863529619715079e-01 -1.4197675273345583e+01
1.9270405932047750e+14 4.1741253914231202e-01 -1.7010844465465464e+01
1.9377167183748847e+14 4.1793251667763842e-01 -1.9773102195817224e+01
1.9485117975858869e+14 4.1520860095393219e-01 -2.2520416722841738e+01
1.9594278300653594e+14 4.0157077081076098e-01 -2.5209393297914655e+01
("port 1","mode 1",1,"port 6",1,"transmission")
(15, 3)
1.8169239878787881e+14 3.1584512730823588e-01 -5.6297852292827399e-01
1.8264118416013928e+14 3.4472193171295634e-01 2.4640616647241900e+00
1.8359993053368331e+14 3.4970771607627460e-01 5.4940942858501902e+00
1.8456879560246262e+14 3.6332672067569655e-01 8.5979897446782090e+00
1.8554794040671972e+14 3.7118053448993349e-01 1.1734545610678040e+01
1.8653752942222225e+14 3.8350748421835307e-01 8.6372510726749869e+00
1.8753773065236819e+14 3.9202972324065732e-01 5.5727493153840824e+00
1.8854871572327044e+14 4.0112138820195803e-01 2.6086469079273491e+00
1.8957065998193316e+14 4.1077547286431182e-01 -3.2402063051769542e-01
1.9060374259763853e+14 4.1775283926954654e-01 -3.2164972963997602e+00
1.9164814666666669e+14 4.2087526834015843e-01 -6.0571331981568699e+00
1.9270405932047750e+14 4.2470778992487906e-01 -8.8568345656004421e+00
1.9377167183748847e+14 4.2820412304758032e-01 -1.1621646366831490e+01
1.9485117975858869e+14 4.2009471994537328e-01 -1.4335515182400686e+01
1.9594278300653594e+14 4.1662201492975803e-01 -1.7035488463159041e+01
("port 2","mode 1",1,"port 1",1,"transmission")
(15, 3)
1.8169239878787881e+14 3.1661198686926256e-01 -5.2472165385442637e-01
1.8264118416013928e+14 3.3578202448584277e-01 2.4512241320802679e+00
1.8359993053368331e+14 3.4896509266677161e-01 5.4982527124167015e+00
1.8456879560246262e+14 3.5688827041769838e-01 8.5823840434180951e+00
1.8554794040671972e+14 3.6501841609945640e-01 5.4461147521840143e+00
1.8653752942222225e+14 3.7841596300485730e-01 2.3508569348261150e+00
1.8753773065236819e+14 3.8647013588146423e-01 -7.0730622190179804e-01
1.8854871572327044e+14 3.9819607853835115e-01 -3.6754893668437898e+00
1.8957065998193316e+14 4.1049542866959859e-01 -6.6159446297343578e+00
1.9060374259763853e+14 4.1426846205332962e-01 -9.5008025776863647e+00
1.9164814666666669e+14 4.2025814505950210e-01 -1.2339428181137004e+01
1.9270405932047750e+14 4.2603788309525248e-01 -1.5140757797053817e+01
1.9377167183748847e+14 4.2660536612272942e-01 -1.7901272365744575e+01
1.9485117975858869e+14 4.2213713047991158e-01 -2.0624351087889647e+01
1.9594278300653594e+14 4.1733536759025386e-01 -2.3317797313906254e+01
("port 2","mode 1",1,"port 2",1,"transmission")
(15, 3)
1.8169239878787881e+14 1.9912345786696428e-02 -3.0572736312822388e+00
1.8264118416013928e+14 1.5781307813532524e-02 -2.7140520220812867e+00
1.8359993053368331e+14 1.3841927149546993e-02 -7.8466151429862718e-01
1.8456879560246262e+14 1.6831044929214580e-02 1.7011155111609098e+00
1.8554794040671972e+14 2.0708066979191381e-02 1.5499005061546749e+00
1.8653752942222225e+14 2.0623833680808437e-03 3.4820376084152409e+00
1.8753773065236819e+14 9.9991385960232059e-03 1.0296234741672352e+00
1.8854871572327044e+14 1.3261014100241149e-02 8.8939474909124538e-01
1.8957065998193316e+14 1.2435589728624775e-02 -2.2197854405709032e+00
1.9060374259763853e+14 2.2095374801420143e-02 -1.5192962211287075e+00
1.9164814666666669e+14 4.2033137056693495e-02 -3.5415098164573751e+00
1.9270405932047750e+14 4.8862197490892254e-02 -4.2349271389941547e+00
1.9377167183748847e+14 5.5012429052890548e-02 -2.9994286774222227e+00
1.9485117975858869e+14 1.7702871256491209e-02 -2.1718524861385080e+00
1.9594278300653594e+14 9.5456982403486455e-03 -2.1776867906608017e+00
("port 2","mode 1",1,"port 3",1,"transmission")
(15, 3)
1.8169239878787881e+14 5.5755115074067843e-02 1.2178956357094914e+00
1.8264118416013928e+14 6.5841836935982390e-02 2.1242785562913097e-01
1.8359993053368331e+14 5.5066989194539277e-02 -6.6097843479444396e-01
1.8456879560246262e+14 6.8458437795737778e-02 -2.0111456710565467e+00
1.8554794040671972e+14 6.1654264716793847e-02 -2.9685489622495806e+00
1.8653752942222225e+14 7.0789934550054653e-02 -3.7705888926301445e+00
1.8753773065236819e+14 6.0054804829855597e-02 -4.4904504318227572e+00
1.8854871572327044e+14 6.1115631441090043e-02 -5.2829337871663302e+00
1.8957065998193316e+14 7.0374863027658704e-02 -6.3055047865713219e+00
1.9060374259763853e+14 3.1401273050222368e-02 -3.1653237851907479e+00
1.9164814666666669e+14 2.5138661013165394e-03 -5.7072749014054871e+00
1.9270405932047750e+14 1.5207615832447138e-02 -7.6468524734596723e+00
1.9377167183748847e+14 1.6507938874801054e-02 -7.6853473462206594e+00
1.9485117975858869e+14 4.4719028409953787e-02 -8.2880840400976599e+00
1.9594278300653594e+14 4.1834678149915851e-02 -8.5358813620429288e+00
("port 2","mode 1",1,"port 4",1,"transmission")
(15, 3)
1.8169239878787881e+14 9.8820160354243184e-03 1.6858002395940490e+00
1.8264118416013928e+14 5.6766128608922058e-03 4.3994735435678312e+00
1.8359993053368331e+14 8.4093008220006982e-03 6.5826991834728661e+00
1.8456879560246262e+14 6.9779037426440744e-03 5.2540430541169556e+00
1.8554794040671972e+14 2.9949668036834327e-03 3.8442906850220728e+00
1.8653752942222225e+14 3.9807309340758445e-03 2.9167500687810208e+00
1.8753773065236819e+14 6.8523893012317517e-03 2.2735572439184737e+00
1.8854871572327044e+14 3.3543092070989935e-03 1.6307076462334158e+00
1.8957065998193316e+14 5.1604394822840609e-03 1.7302191565361598e+00
1.9060374259763853e+14 5.5805150720298919e-03 1.1478362828799138e+00
1.9164814666666669e+14 3.6405760768832558e-03 8.7067738849996212e-01
1.9270405932047750e+14 3.5361239220868300e-03 6.4547513392335254e-01
1.9377167183748847e+14 5.0210901842217348e-03 -1.0990488111312191e+00
1.9485117975858869e+14 2.9076796608339672e-03 3.9341123082256874e-01
1.9594278300653594e+14 2.2164209765015634e-03 2.8857879156953070e-01
("port 2","mode 1",1,"port 5",1,"transmission")
(15, 3)
1.8169239878787881e+14 3.4859070618950536e-02 -1.9488980694723887e+00
1.8264118416013928e+14 5.1873480352906280e-02 -3.3208938271554942e+00
1.8359993053368331e+14 4.8049159581598146e-02 -3.7525803660984707e+00
1.8456879560246262e+14 6.8568317815268232e-02 -5.1616856105524604e+00
1.8554794040671972e+14 6.1449050484600608e-02 -6.1694062002967964e+00
1.8653752942222225e+14 7.1742969644918705e-02 -6.9884772799569577e+00
1.8753773065236819e+14 6.7842922607794204e-02 -7.7189725440331065e+00
1.8854871572327044e+14 6.3848521238466766e-02 -8.4908000797347345e+00
1.8957065998193316e+14 7.5248148327975203e-02 -9.3737196004227830e+00
1.9060374259763853e+14 2.5974747457801033e-02 -1.2312491251437017e+01
1.9164814666666669e+14 6.3703860194980781e-03 -1.5141270380150010e+01
1.9270405932047750e+14 1.7841672635188672e-02 -1.6978732622760294e+01
1.9377167183748847e+14 1.8784815770818412e-02 -1.7709479065978002e+01
1.9485117975858869e+14 4.8814755503846084e-02 -1.7681293584664264e+01
1.9594278300653594e+14 4.4845282091830252e-02 -1.7922988593210313e+01
("port 2","mode 1",1,"port 6",1,"transmission")
(15, 3)
1.8169239878787881e+14 1.6732540165314495e-02 2.0598074681944487e+00
1.8264118416013928e+14 1.5689745014246623e-02 1.2562450830349159e+00
1.8359993053368331e+14 2.1083384218560621e-02 1.6077468203549887e+00
1.8456879560246262e+14 1.9047991492657197e-02 -1.0507646678991578e+00
1.8554794040671972e+14 2.3095502833922310e-02 -1.3186220696198940e+00
1.8653752942222225e+14 7.8447366516321872e-03 -7.7811946473266469e-01
1.8753773065236819e+14 1.2126448430762505e-02 -2.0992750681005576e+00
1.8854871572327044e+14 1.4516822282630732e-02 -2.2450097868759022e+00
1.8957065998193316e+14 1.6541177617987145e-02 -5.1404587620676860e+00
1.9060374259763853e+14 2.0227686139525355e-02 -4.7355504782464157e+00
1.9164814666666669e+14 4.3314561779999684e-02 -6.5875648518990939e+00
1.9270405932047750e+14 4.9437843271698277e-02 -7.3338449014128901e+00
1.9377167183748847e+14 5.5585628236583098e-02 -6.3263857208049750e+00
1.9485117975858869e+14 2.0426743532781184e-02 -5.5768411302860121e+00
1.9594278300653594e+14 1.2999272207010713e-02 -5.4819530208614573e+00
("port 3","mode 1",1,"port 1",1,"transmission")
(15, 3)
1.8169239878787881e+14 3.9235938989276559e-01 -2.5161605056427927e+00
1.8264118416013928e+14 3.8465839251856410e-01 5.4975744914019820e-01
1.8359993053368331e+14 3.9404583503818597e-01 3.6279070841080090e+00
1.8456879560246262e+14 3.9456158396543084e-01 6.7466643320705302e+00
1.8554794040671972e+14 4.0313524613458229e-01 3.6251578338042729e+00
1.8653752942222225e+14 4.0558310709981821e-01 5.1678532854668358e-01
1.8753773065236819e+14 4.0438566087959393e-01 -2.5203371889506325e+00
1.8854871572327044e+14 4.1256331360489445e-01 -5.4984890233060693e+00
1.8957065998193316e+14 4.1465480967730900e-01 -8.4502167605611866e+00
1.9060374259763853e+14 4.1499661207905281e-01 -1.1344925567916370e+01
1.9164814666666669e+14 4.1704508478963709e-01 -1.4200650996372174e+01
1.9270405932047750e+14 4.1410202904246557e-01 -1.7012164177496583e+01
1.9377167183748847e+14 4.1729824646330055e-01 -1.9775175678948738e+01
1.9485117975858869e+14 4.1473506316865622e-01 -2.2529869679374201e+01
1.9594278300653594e+14 3.9472943130752575e-01 -2.5217523542174039e+01
("port 3","mode 1",1,"port 2",1,"transmission")
(15, 3)
1.8169239878787881e+14 5.3613854616495940e-02 -1.4961198318558957e+00
1.8264118416013928e+14 2.8756268780242969e-02 -2.3803341006938870e+00
1.8359993053368331e+14 5.9304983701135794e-02 -3.9833176615940356e+00
1.8456879560246262e+14 4.7120071524237798e-02 -4.7302398812206636e+00
1.8554794040671972e+14 5.0365961841849015e-02 -5.9043691013969184e+00
1.8653752942222225e+14 6.7711437902869723e-02 -6.7295689166111030e+00
1.8753773065236819e+14 6.2503249854837101e-02 -7.6998775784478184e+00
1.8854871572327044e+14 6.6716559971383496e-02 -8.3562930772035049e+00
1.8957065998193316e+14 4.8956322558981427e-02 -8.9390254158081301e+00
1.9060374259763853e+14 3.1821574636697173e-03 -8.3461054033146809e+00
1.9164814666666669e+14 3.5886137047890752e-02 -6.0826662296971215e+00
1.9270405932047750e+14 3.6301321843725788e-02 -6.4957580345875083e+00
1.9377167183748847e+14 5.5140489516075308e-02 -5.1083695287894262e+00
1.9485117975858869e+14 6.0450730545687364e-02 -5.2803478484474695e+00
1.9594278300653594e+14 5.4896146617361752e-02 -5.7333388709926361e+00
("port 3","mode 1",1,"port 3",1,"transmission")
(15, 3)
1.8169239878787881e+14 8.3438725463704459e-03 -3.1079014063858290e+00
1.8264118416013928e+14 1.6912739812252036e-02 -5.2942161225498596e+00
1.8359993053368331e+14 1.7209344364901225e-02 -7.8764170376477010e+00
1.8456879560246262e+14 2.2590893421736792e-02 -7.5941784702745050e+00
1.8554794040671972e+14 3.0199533402679720e-02 -8.8285170737064966e+00
1.8653752942222225e+14 2.5245261618932126e-02 -9.8692066442322588e+00
1.8753773065236819e+14 2.6655413230943812e-02 -1.0796160318339634e+01
1.8854871572327044e+14 2.2554516667565073e-02 -1.1506213707520082e+01
1.8957065998193316e+14 1.2723079280195363e-02 -1.1042297047797973e+01
1.9060374259763853e+14 2.8723669853488787e-02 -1.2003241051226182e+01
1.9164814666666669e+14 2.7409116521778291e-02 -1.4034518623160587e+01
1.9270405932047750e+14 1.5464880692664910e-02 -1.4331523187282881e+01
1.9377167183748847e+14 9.3486212193361774e-03 -1.3882903947772144e+01
1.9485117975858869e+14 8.7945452494619641e-03 -1.5785601119277697e+01
1.9594278300653594e+14 2.1338256191111217e-02 -1.4672771987973375e+01
("port 3","mode 1",1,"port 4",1,"transmission")
(15, 3)
1.8169239878787881e+14 1.3323830845358330e-02 2.1859168887970113e+00
1.8264118416013928e+14 1.7668487822938395e-02 8.4390658467809232e-01
1.8359993053368331e+14 6.5390271935520080e-03 1.9579704899430683e+00
1.8456879560246262e+14 1.3440688146152499e-02 1.4719488179017832e+00
1.8554794040671972e+14 9.5051867773695859e-03 -2.7469022442079216e-01
1.8653752942222225e+14 9.0436726859609070e-03 -8.4613017457814488e-01
1.8753773065236819e+14 1.2480088124004574e-02 -1.2291582377109647e+00
1.8854871572327044e+14 4.7952793683223808e-03 -1.3950837459135552e+00
1.8957065998193316e+14 3.8412692352049484e-03 -7.9547570943935941e-01
1.9060374259763853e+14 2.9046811291793314e-03 -9.0190489305092181e-01
1.9164814666666669e+14 3.7134714856413070e-03 -9.4300898532764821e-01
1.9270405932047750e+14 2.1786454650722545e-03 -3.3348410874253700e+00
1.9377167183748847e+14 4.3094981036624876e-03 -6.0657782698294209e+00
1.9485117975858869e+14 9.1843420359519010e-03 -5.1554185402951527e+00
1.9594278300653594e+14 3.5139586112491986e-03 -5.1512789198074866e+00
("port 3","mode 1",1,"port 5",1,"transmission")
(15, 3)
1.8169239878787881e+14 9.1530294239750530e-03 -8.9833983521490901e-01
1.8264118416013928e+14 3.4925721846594891e-02 -2.0347053343428270e+00
1.8359993053368331e+14 6.9811239251593030e-03 1.0440220327271006e+00
1.8456879560246262e+14 8.9939191501034309e-03 2.3743668282296784e+00
1.8554794040671972e+14 2.1406923848740052e-02 9.3410416216583958e-01
1.8653752942222225e+14 1.2677365603398872e-02 -1.3728868240578784e-01
1.8753773065236819e+14 1.2252752647760176e-02 -1.2039153690894477e+00
1.8854871572327044e+14 1.4389288377378769e-02 -2.2525560308856321e+00
1.8957065998193316e+14 5.4390227823823238e-03 -1.3531506267651841e+00
1.9060374259763853e+14 2.4507415905444963e-02 -2.4083757383294295e+00
1.9164814666666669e+14 2.4951997530555579e-02 -4.5450532834143971e+00
1.9270405932047750e+14 8.8109661784424639e-03 -4.4728243500059914e+00
1.9377167183748847e+14 1.0894512899467518e-02 -3.5250070758572045e+00
1.9485117975858869e+14 8.0951314183122058e-04 -2.9854636822282776e+00
1.9594278300653594e+14 1.9571845747781039e-02 -5.1689009641492145e+00
("port 3","mode 1",1,"port 6",1,"transmission")
(15, 3)
1.8169239878787881e+14 5.1847211211006557e-02 1.5786353606701289e+00
1.8264118416013928e+14 4.0007524812407116e-02 5.4199883556266470e-01
1.8359993053368331e+14 6.3368753248978449e-02 -7.9661356621680268e-01
1.8456879560246262e+14 4.2364051873919971e-02 -1.6388744261025230e+00
1.8554794040671972e+14 5.4960354192436986e-02 -2.6810182769751085e+00
1.8653752942222225e+14 6.8859076209699416e-02 -3.5391969325274388e+00
1.8753773065236819e+14 5.7401416390000785e-02 -4.4957789305072788e+00
1.8854871572327044e+14 6.5635641319027119e-02 -5.1962820826480183e+00
1.8957065998193316e+14 4.8003793035795925e-02 -5.7958893718738143e+00
1.9060374259763853e+14 6.3942097706729834e-03 -4.6192222953644269e+00
1.9164814666666669e+14 3.2450052712785296e-02 -2.9887813436761794e+00
1.9270405932047750e+14 3.3407824214114777e-02 -3.4217038097261057e+00
1.9377167183748847e+14 5.2103305858617999e-02 -1.8553372799382684e+00
1.9485117975858869e+14 5.2373770417489578e-02 -2.0327024328790926e+00
1.9594278300653594e+14 4.6638238552628594e-02 -2.4169554528944768e+00
("port 4","mode 1",1,"port 1",1,"transmission")
(15, 3)
1.8169239878787881e+14 3.9361333421090422e-01 3.0527801087445905e+00
1.8264118416013928e+14 4.1829381681318645e-01 -2.4348866351072813e-02
1.8359993053368331e+14 4.3625794163624010e-01 3.0366138180284232e+00
1.8456879560246262e+14 4.4895997095467666e-01 6.1651583931670197e+00
1.8554794040671972e+14 4.4606139082493579e-01 9.3007406496114271e+00
1.8653752942222225e+14 4.3985781824239795e-01 6.2001548716870403e+00
1.8753773065236819e+14 4.3602664321950391e-01 3.1575559862867455e+00
1.8854871572327044e+14 4.2982083656805442e-01 1.9309037953616184e-01
1.8957065998193316e+14 4.2566354511028681e-01 -2.7523855104271955e+00
1.9060374259763853e+14 4.1634054228171374e-01 -5.6624655322340853e+00
1.9164814666666669e+14 4.0784114783736314e-01 -8.5171291788544252e+00
1.9270405932047750e+14 4.0515854751131231e-01 -1.1326240222371975e+01
1.9377167183748847e+14 4.1143314137550285e-01 -1.4100047823245825e+01
1.9485117975858869e+14 4.0253751879822158e-01 -1.6837432791478694e+01
1.9594278300653594e+14 3.9558448692469428e-01 -1.9521218935165106e+01
("port 4","mode 1",1,"port 2",1,"transmission")
(15, 3)
1.8169239878787881e+14 1.9067637501518520e-02 1.5914163686371137e+00
1.8264118416013928e+14 1.4606283380162411e-03 2.8603677536536414e+00
1.8359993053368331e+14 8.7022931699347657e-03 5.8840161744899042e+00
1.8456879560246262e+14 9.4953911334386496e-03 4.9436322231696419e+00
1.8554794040671972e+14 3.0880229144917793e-03 1.8536350739596388e+00
1.8653752942222225e+14 3.8961138578288311e-03 2.0487159062061022e+00
1.8753773065236819e+14 8.7731111922729824e-03 2.2596477734739775e+00
1.8854871572327044e+14 7.4751617208325240e-03 1.5087181437899184e+00
1.8957065998193316e+14 4.1837596200311206e-03 1.0932085907019149e+00
1.9060374259763853e+14 3.4895378502884078e-03 1.5335545773084369e+00
1.9164814666666669e+14 5.5831419277452008e-03 -1.0706191345350962e+00
1.9270405932047750e+14 4.0646346396607802e-03 -1.6997285843326966e+00
1.9377167183748847e+14 1.5814290133772908e-02 -1.0470041826958123e+00
1.9485117975858869e+14 1.1333631897269368e-02 -1.7598012924028765e+00
1.9594278300653594e+14 7.5237930209594616e-03 -2.1798745971104001e+00
("port 4","mode 1",1,"port 3",1,"transmission")
(15, 3)
1.8169239878787881e+14 2.0293067700454769e-02 -1.4851198280250384e+00
1.8264118416013928e+14 1.3742683141390074e-02 -4.0988496541821533e+00
1.8359993053368331e+14 1.1493429785185385e-02 -4.1201439502148762e+00
1.8456879560246262e+14 1.0314695694604430e-02 -4.5594911910067228e+00
1.8554794040671972e+14 8.4338517708188905e-03 -5.6875636269114516e+00
1.8653752942222225e+14 9.0617770811489331e-03 -6.3016751302186931e+00
1.8753773065236819e+14 9.9283634403486282e-03 -7.2098058605216488e+00
1.8854871572327044e+14 5.1041856946645965e-03 -8.1042523688511121e+00
1.8957065998193316e+14 5.8201450527858509e-03 -9.5349395819817637e+00
1.9060374259763853e+14 1.6776798879651353e-03 -9.3891137562796896e+00
1.9164814666666669e+14 4.3982834390560903e-03 -9.5463171515561775e+00
1.9270405932047750e+14 5.4963645562220520e-03 -8.2456265116907765e+00
1.9377167183748847e+14 1.0398707871671676e-02 -6.2441858798614707e+00
1.9485117975858869e+14 8.2504807707421794e-03 -7.4354410764498322e+00
1.9594278300653594e+14 2.5571987600638128e-03 -8.0497645366903079e+00
("port 4","mode 1",1,"port 4",1,"transmission")
(15, 3)
1.8169239878787881e+14 4.6798692635009298e-02 8.6502251141393582e-01
1.8264118416013928e+14 2.0735554761069055e-02 -3.0557577807091690e-01
1.8359993053368331e+14 2.8879153595971083e-02 -4.1896242532296368e-01
1.8456879560246262e+14 2.5663656955563673e-02 -1.4264526977987899e+00
1.8554794040671972e+14 1.1723855629630086e-02 -2.9266078236912709e+00
1.8653752942222225e+14 1.2518523775966963e-02 -3.2311078231249319e+00
1.8753773065236819e+14 1.9007040259829532e-02 -3.5542228723335834e+00
1.8854871572327044e+14 6.6002126034501018e-03 -3.4990683384909365e+00
1.8957065998193316e+14 2.4283209042572128e-03 -2.0149991281850275e+00
1.9060374259763853e+14 8.2790259084111421e-03 -2.0454433302620343e+00
1.9164814666666669e+14 1.1165489903087805e-02 -2.1890480697413772e+00
1.9270405932047750e+14 1.2183799970682696e-02 -2.4672688396201909e+00
1.9377167183748847e+14 1.4093717702090044e-02 -8.5788611491076117e-01
1.9485117975858869e+14 1.0835120625378808e-02 -2.3526165024077099e+00
1.9594278300653594e+14 9.2726646702075040e-03 -3.8284032354852551e+00
("port 4","mode 1",1,"port 5",1,"transmission")
(15, 3)
1.8169239878787881e+14 2.0293067110168948e-02 -1.4851198849679350e+00
1.8264118416013928e+14 1.3742684564071374e-02 -4.0988496713077822e+00
1.8359993053368331e+14 1.1493430288180551e-02 -4.1201440635327931e+00
1.8456879560246262e+14 1.0314694967854442e-02 -4.5594913388474447e+00
1.8554794040671972e+14 8.4338511829666653e-03 -5.6875637834617043e+00
1.8653752942222225e+14 9.0617756741614760e-03 -6.3016753324743853e+00
1.8753773065236819e+14 9.9283628348182020e-03 -7.2098060250027762e+00
1.8854871572327044e+14 5.1041850323226938e-03 -8.1042528999314971e+00
1.8957065998193316e+14 5.8201459632829999e-03 -9.5349399544313016e+00
1.9060374259763853e+14 1.6776805539901408e-03 -9.3891137253386283e+00
1.9164814666666669e+14 4.3982817401481801e-03 -9.5463172401883263e+00
1.9270405932047750e+14 5.4963642317402625e-03 -8.2456262905112521e+00
1.9377167183748847e+14 1.0398710642600440e-02 -6.2441857286145392e+00
1.9485117975858869e+14 8.2504825266793980e-03 -7.4354408718313483e+00
1.9594278300653594e+14 2.5571997604238129e-03 -8.0497637506347193e+00
("port 4","mode 1",1,"port 6",1,"transmission")
(15, 3)
1.8169239878787881e+14 1.9067637742597524e-02 1.5914163285809739e+00
1.8264118416013928e+14 1.4606278708218685e-03 2.8603681035712927e+00
1.8359993053368331e+14 8.7022928111995385e-03 5.8840161143555436e+00
1.8456879560246262e+14 9.4953910135329965e-03 4.9436321453098060e+00
1.8554794040671972e+14 3.0880238179087981e-03 1.8536352895373389e+00
1.8653752942222225e+14 3.8961151283091531e-03 2.0487155806136448e+00
1.8753773065236819e+14 8.7731108018066252e-03 2.2596476823252365e+00
1.8854871572327044e+14 7.4751607967657140e-03 1.5087178897101299e+00
1.8957065998193316e+14 4.1837580485655224e-03 1.0932080732352110e+00
1.9060374259763853e+14 3.4895376871640110e-03 1.5335543524372135e+00
1.9164814666666669e+14 5.5831416227973231e-03 -1.0706191953719209e+00
1.9270405932047750e+14 4.0646343339396703e-03 -1.6997286249015726e+00
1.9377167183748847e+14 1.5814287418007545e-02 -1.0470043017290980e+00
1.9485117975858869e+14 1.1333630968277626e-02 -1.7598014014242165e+00
1.9594278300653594e+14 7.5237924774983929e-03 -2.1798747614469143e+00
("port 5","mode 1",1,"port 1",1,"transmission")
(15, 3)
1.8169239878787881e+14 3.9235938431273343e-01 -2.5161604842635792e+00
1.8264118416013928e+14 3.8465838598778990e-01 5.4975747311547007e-01
1.8359993053368331e+14 3.9404582711173469e-01 3.6279071116489661e+00
1.8456879560246262e+14 3.9456157699493055e-01 6.7466643593116924e+00
1.8554794040671972e+14 4.0313523876742408e-01 3.6251578581409993e+00
1.8653752942222225e+14 4.0558309399732151e-01 5.1678536134233999e-01
1.8753773065236819e+14 4.0438565099110035e-01 -2.5203371664744219e+00
1.8854871572327044e+14 4.1256329266543174e-01 -5.4984889827324848e+00
1.8957065998193316e+14 4.1465478458490718e-01 -8.4502167202891165e+00
1.9060374259763853e+14 4.1499658761922698e-01 -1.1344925531226476e+01
1.9164814666666669e+14 4.1704505592364388e-01 -1.4200650966976516e+01
1.9270405932047750e+14 4.1410200798361896e-01 -1.7012164154779125e+01
1.9377167183748847e+14 4.1729820444643784e-01 -1.9775175680163347e+01
1.9485117975858869e+14 4.1473502987279320e-01 -2.2529869684941040e+01
1.9594278300653594e+14 3.9472940349258001e-01 -2.5217523542129971e+01
("port 5","mode 1",1,"port 2",1,"transmission")
(15, 3)
1.8169239878787881e+14 5.1847210939084315e-02 1.5786353768490400e+00
1.8264118416013928e+14 4.0007524132714661e-02 5.4199886140783404e-01
1.8359993053368331e+14 6.3368753030584465e-02 -7.9661356593713950e-01
1.8456879560246262e+14 4.2364051412968187e-02 -1.6388744043591947e+00
1.8554794040671972e+14 5.4960353453529981e-02 -2.6810182605954807e+00
1.8653752942222225e+14 6.8859076017307869e-02 -3.5391969233590257e+00
1.8753773065236819e+14 5.7401416056949976e-02 -4.4957789208212082e+00
1.8854871572327044e+14 6.5635641237438508e-02 -5.1962820743617124e+00
1.8957065998193316e+14 4.8003791780976884e-02 -5.7958893404280580e+00
1.9060374259763853e+14 6.3942113578683403e-03 -4.6192218541516930e+00
1.9164814666666669e+14 3.2450048879379911e-02 -2.9887814433473858e+00
1.9270405932047750e+14 3.3407821282124765e-02 -3.4217038899493399e+00
1.9377167183748847e+14 5.2103297985417511e-02 -1.8553372923497766e+00
1.9485117975858869e+14 5.2373769607239301e-02 -2.0327024521078685e+00
1.9594278300653594e+14 4.6638237966483108e-02 -2.4169554334409962e+00
("port 5","mode 1",1,"port 3",1,"transmission")
(15, 3)
1.8169239878787881e+14 9.1530311395070871e-03 -8.9833964521389109e-01
1.8264118416013928e+14 3.4925723714995846e-02 -2.0347052991780741e+00
1.8359993053368331e+14 6.9811206480568013e-03 1.0440221235556175e+00
1.8456879560246262e+14 8.9939215373878983e-03 2.3743669625782875e+00
1.8554794040671972e+14 2.1406925514962007e-02 9.3410426799235591e-01
1.8653752942222225e+14 1.2677368325135864e-02 -1.3728818176240226e-01
1.8753773065236819e+14 1.2252753358164226e-02 -1.2039150615269771e+00
1.8854871572327044e+14 1.4389287284060494e-02 -2.2525554220012332e+00
1.8957065998193316e+14 5.4390321825844813e-03 -1.3531506371455844e+00
1.9060374259763853e+14 2.4507414620651119e-02 -2.4083757997087964e+00
1.9164814666666669e+14 2.4951999725840057e-02 -4.5450532891387789e+00
1.9270405932047750e+14 8.8109681695847791e-03 -4.4728243468366848e+00
1.9377167183748847e+14 1.0894521273789929e-02 -3.5250070518594305e+00
1.9485117975858869e+14 8.0952026728800216e-04 -2.9854696119264106e+00
1.9594278300653594e+14 1.9571847624825237e-02 -5.1689006360268595e+00
("port 5","mode 1",1,"port 4",1,"transmission")
(15, 3)
1.8169239878787881e+14 1.3323830675768818e-02 2.1859168767414889e+00
1.8264118416013928e+14 1.7668487793188522e-02 8.4390658730055612e-01
1.8359993053368331e+14 6.5390270452173683e-03 1.9579706466735236e+00
1.8456879560246262e+14 1.3440688353533094e-02 1.4719488766241904e+00
1.8554794040671972e+14 9.5051865327467205e-03 -2.7469014848627904e-01
1.8653752942222225e+14 9.0436724062039411e-03 -8.4613004248454582e-01
1.8753773065236819e+14 1.2480088464509726e-02 -1.2291581730224392e+00
1.8854871572327044e+14 4.7952802428814605e-03 -1.3950835339992691e+00
1.8957065998193316e+14 3.8412703412241921e-03 -7.9547593231688707e-01
1.9060374259763853e+14 2.9046799339144894e-03 -9.0190485525224684e-01
1.9164814666666669e+14 3.7134711818325623e-03 -9.4300856109154463e-01
1.9270405932047750e+14 2.1786450452266370e-03 -3.3348414447480637e+00
1.9377167183748847e+14 4.3094986528936959e-03 -6.0657779908916876e+00
1.9485117975858869e+14 9.1843420826831310e-03 -5.1554184015216489e+00
1.9594278300653594e+14 3.5139590643246126e-03 -5.1512788038014365e+00
("port 5","mode 1",1,"port 5",1,"transmission")
(15, 3)
1.8169239878787881e+14 8.3438724314882536e-03 -3.1079014242357026e+00
1.8264118416013928e+14 1.6912740693537914e-02 -5.2942160343830302e+00
1.8359993053368331e+14 1.7209344330385346e-02 -7.8764170090665022e+00
1.8456879560246262e+14 2.2590894165131568e-02 -7.5941784165206787e+00
1.8554794040671972e+14 3.0199533713083111e-02 -8.8285170240726529e+00
1.8653752942222225e+14 2.5245262268782560e-02 -9.8692065841404180e+00
1.8753773065236819e+14 2.6655413154179016e-02 -1.0796160283670359e+01
1.8854871572327044e+14 2.2554517081185596e-02 -1.1506213650290682e+01
1.8957065998193316e+14 1.2723081392815425e-02 -1.1042297108405531e+01
1.9060374259763853e+14 2.8723668673767144e-02 -1.2003241052401513e+01
1.9164814666666669e+14 2.7409113267617330e-02 -1.4034518565420614e+01
1.9270405932047750e+14 1.5464877775889509e-02 -1.4331523060069035e+01
1.9377167183748847e+14 9.3486169270414546e-03 -1.3882904259147484e+01
1.9485117975858869e+14 8.7945463575374340e-03 -1.5785601242790968e+01
1.9594278300653594e+14 2.1338254749760005e-02 -1.4672771990790425e+01
("port 5","mode 1",1,"port 6",1,"transmission")
(15, 3)
1.8169239878787881e+14 5.3613855409425058e-02 -1.4961197930217269e+00
1.8264118416013928e+14 2.8756269045901114e-02 -2.3803340651916574e+00
1.8359993053368331e+14 5.9304983427292707e-02 -3.9833176245630839e+00
1.8456879560246262e+14 4.7120071657624600e-02 -4.7302398332998674e+00
1.8554794040671972e+14 5.0365961599357634e-02 -5.9043690677531089e+00
1.8653752942222225e+14 6.7711437952366130e-02 -6.7295688742122355e+00
1.8753773065236819e+14 6.2503249684954881e-02 -7.6998775546130567e+00
1.8854871572327044e+14 6.6716559801733952e-02 -8.3562930389461094e+00
1.8957065998193316e+14 4.8956322955460783e-02 -8.9390253325925606e+00
1.9060374259763853e+14 3.1821555138533469e-03 -8.3461054517477749e+00
1.9164814666666669e+14 3.5886137451616298e-02 -6.0826662537007934e+00
1.9270405932047750e+14 3.6301320251658935e-02 -6.4957580430205244e+00
1.9377167183748847e+14 5.5140484999979644e-02 -5.1083695964002525e+00
1.9485117975858869e+14 6.0450729878360691e-02 -5.2803478714447207e+00
1.9594278300653594e+14 5.4896147760466016e-02 -5.7333388919124211e+00
("port 6","mode 1",1,"port 1",1,"transmission")
(15, 3)
1.8169239878787881e+14 3.1661199788420608e-01 -5.2472165876500143e-01
1.8264118416013928e+14 3.3578203597943096e-01 2.4512241329818689e+00
1.8359993053368331e+14 3.4896510676367543e-01 5.4982527149880518e+00
1.8456879560246262e+14 3.5688828295840741e-01 8.5823840488616696e+00
1.8554794040671972e+14 3.6501842858441813e-01 5.4461147558966614e+00
1.8653752942222225e+14 3.7841598612188115e-01 2.3508569372956516e+00
1.8753773065236819e+14 3.8647015085251984e-01 -7.0730622008379440e-01
1.8854871572327044e+14 3.9819611017257861e-01 -3.6754893625434040e+00
1.8957065998193316e+14 4.1049546404039639e-01 -6.6159446277999860e+00
1.9060374259763853e+14 4.1426849750090344e-01 -9.5008025756192787e+00
1.9164814666666669e+14 4.2025818314021718e-01 -1.2339428186209709e+01
1.9270405932047750e+14 4.2603791372934013e-01 -1.5140757801295061e+01
1.9377167183748847e+14 4.2660541532740553e-01 -1.7901272404115460e+01
1.9485117975858869e+14 4.2213716775832288e-01 -2.0624351122651973e+01
1.9594278300653594e+14 4.1733539797979452e-01 -2.3317797337665215e+01
("port 6","mode 1",1,"port 2",1,"transmission")
(15, 3)
1.8169239878787881e+14 1.6732541542645279e-02 2.0598075799052231e+00
1.8264118416013928e+14 1.5689747002789880e-02 1.2562451486720401e+00
1.8359993053368331e+14 2.1083386651934218e-02 1.6077467086541770e+00
1.8456879560246262e+14 1.9047993531712853e-02 -1.0507645684635782e+00
1.8554794040671972e+14 2.3095505783970707e-02 -1.3186220680772456e+00
1.8653752942222225e+14 7.8447379609871172e-03 -7.7812023251532891e-01
1.8753773065236819e+14 1.2126451052121224e-02 -2.0992753197587724e+00
1.8854871572327044e+14 1.4516823324937277e-02 -2.2450103704304269e+00
1.8957065998193316e+14 1.6541184903245420e-02 -5.1404584275750986e+00
1.9060374259763853e+14 2.0227684243173321e-02 -4.7355504831658939e+00
1.9164814666666669e+14 4.3314562697837775e-02 -6.5875648999332936e+00
1.9270405932047750e+14 4.9437844931294397e-02 -7.3338449082705157e+00
1.9377167183748847e+14 5.5585636653371545e-02 -6.3263857625430315e+00
1.9485117975858869e+14 2.0426747694524430e-02 -5.5768415671889873e+00
1.9594278300653594e+14 1.2999272385628110e-02 -5.4819535903516057e+00
("port 6","mode 1",1,"port 3",1,"transmission")
(15, 3)
1.8169239878787881e+14 3.4859069952383429e-02 -1.9488980551182982e+00
1.8264118416013928e+14 5.1873479258899624e-02 -3.3208938240534884e+00
1.8359993053368331e+14 4.8049159276589204e-02 -3.7525803747617439e+00
1.8456879560246262e+14 6.8568317089772679e-02 -5.1616856081128475e+00
1.8554794040671972e+14 6.1449049443744186e-02 -6.1694061978248653e+00
1.8653752942222225e+14 7.1742969234735068e-02 -6.9884772819441903e+00
1.8753773065236819e+14 6.7842922251518431e-02 -7.7189725450300530e+00
1.8854871572327044e+14 6.3848521213727027e-02 -8.4908000851084715e+00
1.8957065998193316e+14 7.5248146750064845e-02 -9.3737195998467708e+00
1.9060374259763853e+14 2.5974749935840379e-02 -1.2312491337327405e+01
1.9164814666666669e+14 6.3703908579642388e-03 -1.5141270114725501e+01
1.9270405932047750e+14 1.7841671722598165e-02 -1.6978732411943078e+01
1.9377167183748847e+14 1.8784808394377780e-02 -1.7709479196127536e+01
1.9485117975858869e+14 4.8814754721798727e-02 -1.7681293627470826e+01
1.9594278300653594e+14 4.4845281681308038e-02 -1.7922988587478841e+01
("port 6","mode 1",1,"port 4",1,"transmission")
(15, 3)
1.8169239878787881e+14 9.8820163985642775e-03 1.6858003701313213e+00
1.8264118416013928e+14 5.6766117881839858e-03 4.3994734902047341e+00
1.8359993053368331e+14 8.4093019018593815e-03 6.5826992962648720e+00
1.8456879560246262e+14 6.9779043598534223e-03 5.2540430976160923e+00
1.8554794040671972e+14 2.9949674928418549e-03 3.8442908676155194e+00
1.8653752942222225e+14 3.9807314607082662e-03 2.9167504764983376e+00
1.8753773065236819e+14 6.8523898165141813e-03 2.2735573835717298e+00
1.8854871572327044e+14 3.3543108106674443e-03 1.6307082299807683e+00
1.8957065998193316e+14 5.1604422924040431e-03 1.7302189893156532e+00
1.9060374259763853e+14 5.5805145330811243e-03 1.1478360741439608e+00
1.9164814666666669e+14 3.6405754128472699e-03 8.7067730080673333e-01
1.9270405932047750e+14 3.5361232575316847e-03 6.4547508520933949e-01
1.9377167183748847e+14 5.0210912797914011e-03 -1.0990486648864997e+00
1.9485117975858869e+14 2.9076807798475166e-03 3.9341077130016155e-01
1.9594278300653594e+14 2.2164217362232162e-03 2.8857820864525613e-01
("port 6","mode 1",1,"port 5",1,"transmission")
(15, 3)
1.8169239878787881e+14 5.5755114451407448e-02 1.2178956722425136e+00
1.8264118416013928e+14 6.5841836586482239e-02 2.1242789816775309e-01
1.8359993053368331e+14 5.5066989555750706e-02 -6.6097837300731976e-01
1.8456879560246262e+14 6.8458437693607779e-02 -2.0111456217584189e+00
1.8554794040671972e+14 6.1654264934325860e-02 -2.9685489100984115e+00
1.8653752942222225e+14 7.0789934302508767e-02 -3.7705888162061161e+00
1.8753773065236819e+14 6.0054805030263704e-02 -4.4904503744561293e+00
1.8854871572327044e+14 6.1115631399763094e-02 -5.2829336736070758e+00
1.8957065998193316e+14 7.0374862696933729e-02 -6.3055047187059641e+00
1.9060374259763853e+14 3.1401272563947383e-02 -3.1653237723721532e+00
1.9164814666666669e+14 2.5138650929120735e-03 -5.7072760649211816e+00
1.9270405932047750e+14 1.5207617212685388e-02 -7.6468525778322149e+00
1.9377167183748847e+14 1.6507945040024227e-02 -7.6853472661582947e+00
1.9485117975858869e+14 4.4719029239125907e-02 -8.2880839877720245e+00
1.9594278300653594e+14 4.1834677783343342e-02 -8.5358812856009489e+00
("port 6","mode 1",1,"port 6",1,"transmission")
(15, 3)
1.8169239878787881e+14 1.9912345998889906e-02 -3.0572736229069970e+00
1.8264118416013928e+14 1.5781307150208968e-02 -2.7140520378849522e+00
1.8359993053368331e+14 1.3841926732519111e-02 -7.8466146965866623e-01
1.8456879560246262e+14 1.6831044217747167e-02 1.7011155296130651e+00
1.8554794040671972e+14 2.0708066586222876e-02 1.5499005557340979e+00
1.8653752942222225e+14 2.0623839006369926e-03 3.4820375253085789e+00
1.8753773065236819e+14 9.9991383819673027e-03 1.0296234998995473e+00
1.8854871572327044e+14 1.3261014286502936e-02 8.8939480241508018e-01
1.8957065998193316e+14 1.2435587080945528e-02 -2.2197853642441840e+00
1.9060374259763853e+14 2.2095377197302951e-02 -1.5192961573624406e+00
1.9164814666666669e+14 4.2033138924128743e-02 -3.5415098216416765e+00
1.9270405932047750e+14 4.8862199005237736e-02 -4.2349271381974196e+00
1.9377167183748847e+14 5.5012432504145656e-02 -2.9994287345494701e+00
1.9485117975858869e+14 1.7702870611387901e-02 -2.1718525626309306e+00
1.9594278300653594e+14 9.5456966882339796e-03 -2.1776868396607081e+00
