["port 1","LEFT"]
["port 3","RIGHT"]
["port 5","RIGHT"]
["port 4","RIGHT"]
["port 6","RIGHT"]
["port 2","RIGHT"]
("port 1","mode 1",1,"port 1",1,"transmission")
(30, 3)
1.8737028625000000e+14 5.9722073706291066e-03 1.1507867596942398e+00
1.8777497369330453e+14 1.6334381515436707e-03 -1.4206909520848721e+00
1.8818141303030303e+14 1.7137807525985703e-03 -5.4085009373625725e-01
1.8858961566160522e+14 1.4445381485505655e-03 -3.4688546967667251e+00
1.8899959308695653e+14 1.7031485484697107e-03 -2.7989100026398326e+00
1.8941135690631806e+14 6.4279427151273105e-04 -1.5821894165110051e+00
1.8982491882096069e+14 6.6201413357320734e-04 -4.5800051690007937e+00
1.9024029063457331e+14 2.4608185715115569e-03 -2.9177422061272753e+00
1.9065748425438597e+14 2.8625991364827569e-03 -9.2043823959234927e-01
1.9107651169230769e+14 2.5716175640009145e-03 -3.9832402724072882e+00
1.9149738506607931e+14 2.8629911136522565e-03 -3.0881904971864014e+00
1.9192011660044150e+14 9.5939217245190646e-03 -5.3967860906929319e+00
1.9234471862831859e+14 6.0186975638723832e-04 -5.0160017550845417e+00
1.9277120359201775e+14 1.1723789357048110e-02 -1.9896581971441529e+00
1.9319958404444447e+14 1.7513802688023643e-03 -3.3342077721479351e+00
1.9362987265033406e+14 3.4769744566405920e-03 -2.4485719094569984e+00
1.9406208218750000e+14 1.1037067750884883e-02 -5.2608222901744055e+00
1.9449622554809844e+14 3.5339812414385443e-03 -3.4989855227304427e+00
1.9493231573991031e+14 4.3231935487926280e-03 -2.5864714722848641e+00
1.9537036588764044e+14 1.4405986177025423e-03 -1.4133497733735210e+00
1.9581038923423425e+14 3.1451715727317162e-03 1.4290067550199332e+00
1.9625239914221219e+14 5.2324659595333178e-03 2.7642805840958706e+00
1.9669640909502262e+14 3.5077784377422387e-03 5.6466914742066390e+00
1.9714243269841272e+14 1.6500414060319681e-02 3.1956623115727840e+00
1.9759048368181819e+14 1.5196430693038927e-03 5.5872537892010632e+00
1.9804057589977219e+14 8.1786852653170563e-03 3.3298208657919819e+00
1.9849272333333331e+14 4.4132696798701758e-03 1.1095493966253511e+00
1.9894694009153316e+14 5.3963603429815418e-03 2.2531276543110743e+00
1.9940324041284403e+14 7.8924338681792636e-03 -3.0301567889006214e-02
1.9986163866666666e+14 7.0201815112393385e-03 1.4118072082501549e+00
("port 1","mode 1",1,"port 2",1,"transmission")
(30, 3)
1.8737028625000000e+14 3.8492317045699964e-01 -1.2606692891543572e+00
1.8777497369330453e+14 3.9356286840055604e-01 8.3515372629600224e-02
1.8818141303030303e+14 3.9332317889022722e-01 1.4036581143480638e+00
1.8858961566160522e+14 4.0128115511668888e-01 2.7456167130360347e+00
1.8899959308695653e+14 4.0080898172887242e-01 4.0843184110530171e+00
1.8941135690631806e+14 4.0865397381041269e-01 5.4309057129323932e+00
1.8982491882096069e+14 4.0793575625381473e-01 6.7928770612671974e+00
1.9024029063457331e+14 4.1395104245697290e-01 8.1511764630158865e+00
1.9065748425438597e+14 4.1725613627817121e-01 9.5297593821333795e+00
1.9107651169230769e+14 4.1835286589352033e-01 1.0894794674639002e+01
1.9149738506607931e+14 4.2273779324750188e-01 1.2291762595409406e+01
1.9192011660044150e+14 4.1643342681064471e-01 1.3668011194890168e+01
1.9234471862831859e+14 4.2800051979918102e-01 1.5076786623976741e+01
1.9277120359201775e+14 4.2213084950233937e-01 1.6500085586063815e+01
1.9319958404444447e+14 4.2691150684596324e-01 1.7869718058706422e+01
1.9362987265033406e+14 4.3023088388803593e-01 1.9317830315382466e+01
1.9406208218750000e+14 4.0077831209602183e-01 2.0741298618572277e+01
1.9449622554809844e+14 4.3005235448722884e-01 2.2164946886753370e+01
1.9493231573991031e+14 4.1383007263952698e-01 2.3634864352686279e+01
1.9537036588764044e+14 4.2227291379836907e-01 2.5019370191941842e+01
1.9581038923423425e+14 4.2062749784669784e-01 2.6507064122285698e+01
1.9625239914221219e+14 3.9500759756705589e-01 2.7880436640069867e+01
1.9669640909502262e+14 4.1213452963128122e-01 2.9343750415609794e+01
1.9714243269841272e+14 3.9122268244237185e-01 3.0846172334303638e+01
1.9759048368181819e+14 3.9960944843003671e-01 3.2212477178052382e+01
1.9804057589977219e+14 4.0151604531988783e-01 3.3705847121413861e+01
1.9849272333333331e+14 3.8226347075752770e-01 3.5097943909648393e+01
1.9894694009153316e+14 3.9803464940800132e-01 3.6600953879515558e+01
1.9940324041284403e+14 3.5527962920505585e-01 3.8033915826012652e+01
1.9986163866666666e+14 3.8426381401456366e-01 3.9501345417242312e+01
("port 1","mode 1",1,"port 3",1,"transmission")
(30, 3)
1.8737028625000000e+14 4.0734030829820678e-01 -3.0667599024777821e+00
1.8777497369330453e+14 4.1293329940628570e-01 -1.7702409502501959e+00
1.8818141303030303e+14 4.1779455246938574e-01 -4.2138451513019748e-01
1.8858961566160522e+14 4.0893609637975842e-01 9.0497995091442762e-01
1.8899959308695653e+14 4.2092569348468301e-01 2.2470127341984800e+00
1.8941135690631806e+14 4.1600681161227576e-01 3.6023404161908710e+00
1.8982491882096069e+14 4.1567936071869971e-01 4.9387854742846917e+00
1.9024029063457331e+14 4.2116013586451312e-01 6.3123711136253435e+00
1.9065748425438597e+14 4.1690634213672922e-01 7.6763718390957241e+00
1.9107651169230769e+14 4.1842140415014528e-01 9.0426032587837319e+00
1.9149738506607931e+14 4.2181187704646156e-01 1.0435193432690273e+01
1.9192011660044150e+14 4.1316218540729366e-01 1.1800693172843777e+01
1.9234471862831859e+14 4.2386362895875246e-01 1.3208233939353589e+01
1.9277120359201775e+14 4.1256694308623887e-01 1.4627742318356246e+01
1.9319958404444447e+14 4.2257342287624050e-01 1.5983481708823065e+01
1.9362987265033406e+14 4.2411953351492898e-01 1.7447816213271228e+01
1.9406208218750000e+14 3.8003392719652179e-01 1.8837892940936428e+01
1.9449622554809844e+14 4.2387987308492148e-01 2.0267366816664268e+01
1.9493231573991031e+14 4.0997330304685425e-01 2.1733466794868313e+01
1.9537036588764044e+14 4.1961916725390802e-01 2.3121222690282398e+01
1.9581038923423425e+14 4.1026701536472721e-01 2.4613837297241652e+01
1.9625239914221219e+14 4.0277109334982508e-01 2.5928059903892962e+01
1.9669640909502262e+14 4.1445477379540324e-01 2.7453513844952703e+01
1.9714243269841272e+14 3.5409370209467722e-01 2.8953417244134720e+01
1.9759048368181819e+14 4.0409237952317745e-01 3.0299373277664433e+01
1.9804057589977219e+14 3.9442833702817881e-01 3.1822255854293537e+01
1.9849272333333331e+14 3.8772980243482119e-01 3.3221264537297579e+01
1.9894694009153316e+14 3.8103446549873354e-01 3.4719814335306829e+01
1.9940324041284403e+14 3.7487957433633801e-01 3.6102616360806572e+01
1.9986163866666666e+14 3.8280438803721062e-01 3.7664634176688516e+01
("port 1","mode 1",1,"port 4",1,"transmission")
(30, 3)
1.8737028625000000e+14 4.3547841512858376e-01 2.5817276309847239e+00
1.8777497369330453e+14 4.1603873533404462e-01 3.9888201750018064e+00
1.8818141303030303e+14 4.0840630094966757e-01 5.2386216425889618e+00
1.8858961566160522e+14 4.3168514415040771e-01 6.6155025653802833e+00
1.8899959308695653e+14 4.0145806795126460e-01 7.9324556147080454e+00
1.8941135690631806e+14 4.2237987032810692e-01 9.2675607754327771e+00
1.8982491882096069e+14 4.0228598852251618e-01 1.0657944352248766e+01
1.9024029063457331e+14 4.1146426746638520e-01 1.1967931905535684e+01
1.9065748425438597e+14 4.1449923477025480e-01 1.3366671438324357e+01
1.9107651169230769e+14 4.0338778486036442e-01 1.4703885074823003e+01
1.9149738506607931e+14 4.1335092246651139e-01 1.6097311539108674e+01
1.9192011660044150e+14 3.9077464463893397e-01 1.7455030636566736e+01
1.9234471862831859e+14 4.1571677476279489e-01 1.8867634733850981e+01
1.9277120359201775e+14 3.9380118303165396e-01 2.0295520585139929e+01
1.9319958404444447e+14 4.1802852377672300e-01 2.1613752176640361e+01
1.9362987265033406e+14 4.1805453082134253e-01 2.3107892342880703e+01
1.9406208218750000e+14 3.5780828417193689e-01 2.4424612728768356e+01
1.9449622554809844e+14 4.1951822814464190e-01 2.5921363671982533e+01
1.9493231573991031e+14 3.9243354850662326e-01 2.7388206055231961e+01
1.9537036588764044e+14 4.2025607343188354e-01 2.8743624608865055e+01
1.9581038923423425e+14 4.0648518771926412e-01 3.0286527114318634e+01
1.9625239914221219e+14 3.9032926258216161e-01 3.1509653861331888e+01
1.9669640909502262e+14 4.1527081348302219e-01 3.3105331026361696e+01
1.9714243269841272e+14 3.0859873419130834e-01 3.4669429966846593e+01
1.9759048368181819e+14 4.0827490116071152e-01 3.5930707781101916e+01
1.9804057589977219e+14 3.8904309405897369e-01 3.7545896407006857e+01
1.9849272333333331e+14 3.7558910072538454e-01 3.8820905811513761e+01
1.9894694009153316e+14 3.9372493586686108e-01 4.0411693128308791e+01
1.9940324041284403e+14 3.4641758486934426e-01 4.1673432018129155e+01
1.9986163866666666e+14 3.9256295539277031e-01 4.3311083821010065e+01
("port 1","mode 1",1,"port 5",1,"transmission")
(30, 3)
1.8737028625000000e+14 4.0734029918872638e-01 -3.0667598868439661e+00
1.8777497369330453e+14 4.1293328138669405e-01 -1.7702409233313872e+00
1.8818141303030303e+14 4.1779453713052861e-01 -4.2138448722869187e-01
1.8858961566160522e+14 4.0893607323633452e-01 9.0497999547275620e-01
1.8899959308695653e+14 4.2092568001304348e-01 2.2470127591048525e+00
1.8941135690631806e+14 4.1600678579081929e-01 3.6023404630169988e+00
1.8982491882096069e+14 4.1567934397701944e-01 4.9387854968505689e+00
1.9024029063457331e+14 4.2116011278574228e-01 6.3123711555467654e+00
1.9065748425438597e+14 4.1690631977643500e-01 7.6763718672894283e+00
1.9107651169230769e+14 4.1842137141399438e-01 9.0426032891067827e+00
1.9149738506607931e+14 4.2181184918677805e-01 1.0435193456019139e+01
1.9192011660044150e+14 4.1316214453035910e-01 1.1800693227206747e+01
1.9234471862831859e+14 4.2386360611510732e-01 1.3208233961521723e+01
1.9277120359201775e+14 4.1256691885828206e-01 1.4627742335713553e+01
1.9319958404444447e+14 4.2257338413956747e-01 1.5983481748827961e+01
1.9362987265033406e+14 4.2411950533209275e-01 1.7447816219935937e+01
1.9406208218750000e+14 3.8003388572330593e-01 1.8837892972247026e+01
1.9449622554809844e+14 4.2387983590197775e-01 2.0267366834537821e+01
1.9493231573991031e+14 4.0997327380938486e-01 2.1733466795482265e+01
1.9537036588764044e+14 4.1961912519459799e-01 2.3121222696129024e+01
1.9581038923423425e+14 4.1026696786318040e-01 2.4613837296637165e+01
1.9625239914221219e+14 4.0277105495509880e-01 2.5928059906908427e+01
1.9669640909502262e+14 4.1445472461332789e-01 2.7453513827674364e+01
1.9714243269841272e+14 3.5409367496034055e-01 2.8953417255048908e+01
1.9759048368181819e+14 4.0409235237591706e-01 3.0299373282024131e+01
1.9804057589977219e+14 3.9442829002149604e-01 3.1822255846380497e+01
1.9849272333333331e+14 3.8772975472766180e-01 3.3221264513186988e+01
1.9894694009153316e+14 3.8103440866402016e-01 3.4719814256463501e+01
1.9940324041284403e+14 3.7487953844628114e-01 3.6102616355336245e+01
1.9986163866666666e+14 3.8280436015320102e-01 3.7664634130362550e+01
("port 1","mode 1",1,"port 6",1,"transmission")
(30, 3)
1.8737028625000000e+14 3.8492318183921842e-01 -1.2606692894665030e+00
1.8777497369330453e+14 3.9356289458857086e-01 8.3515370917077669e-02
1.8818141303030303e+14 3.9332320061077430e-01 1.4036581165723769e+00
1.8858961566160522e+14 4.0128118998999851e-01 2.7456167183452207e+00
1.8899959308695653e+14 4.0080899910107209e-01 4.0843184150437670e+00
1.8941135690631806e+14 4.0865401303851401e-01 5.4309057197768702e+00
1.8982491882096069e+14 4.0793577917721691e-01 6.7928770605853881e+00
1.9024029063457331e+14 4.1395107514524521e-01 8.1511764717574806e+00
1.9065748425438597e+14 4.1725616583641217e-01 9.5297593802739904e+00
1.9107651169230769e+14 4.1835290955865845e-01 1.0894794665132585e+01
1.9149738506607931e+14 4.2273782869516208e-01 1.2291762587190853e+01
1.9192011660044150e+14 4.1643348313759537e-01 1.3668011196859522e+01
1.9234471862831859e+14 4.2800054804690651e-01 1.5076786619072649e+01
1.9277120359201775e+14 4.2213087804357846e-01 1.6500085577570911e+01
1.9319958404444447e+14 4.2691156059664814e-01 1.7869718053652459e+01
1.9362987265033406e+14 4.3023091838031874e-01 1.9317830295354543e+01
1.9406208218750000e+14 4.0077836308412240e-01 2.0741298607773512e+01
1.9449622554809844e+14 4.3005239725501726e-01 2.2164946867283824e+01
1.9493231573991031e+14 4.1383010820043220e-01 2.3634864328007705e+01
1.9537036588764044e+14 4.2227296470004244e-01 2.5019370157429538e+01
1.9581038923423425e+14 4.2062755142892938e-01 2.6507064083678618e+01
1.9625239914221219e+14 3.9500764530884441e-01 2.7880436599987792e+01
1.9669640909502262e+14 4.1213459097880184e-01 2.9343750355697019e+01
1.9714243269841272e+14 3.9122270925653990e-01 3.0846172328272029e+01
1.9759048368181819e+14 3.9960947850861139e-01 3.2212477157749973e+01
1.9804057589977219e+14 4.0151609860126081e-01 3.3705847073589112e+01
1.9849272333333331e+14 3.8226352411674575e-01 3.5097943849939867e+01
1.9894694009153316e+14 3.9803470087439224e-01 3.6600953776498358e+01
1.9940324041284403e+14 3.5527967664825655e-01 3.8033915786575641e+01
1.9986163866666666e+14 3.8426383949413428e-01 3.9501345365892725e+01
("port 2","mode 1",1,"port 1",1,"transmission")
(30, 3)
1.8737028625000000e+14 3.8165634523615188e-01 -1.2465491207484700e+00
1.8777497369330453e+14 3.9346543815855456e-01 7.2523850494762829e-02
1.8818141303030303e+14 3.9494726380083645e-01 1.4091558966518916e+00
1.8858961566160522e+14 3.9916997642694624e-01 2.7405157409251810e+00
1.8899959308695653e+14 4.0193731703784852e-01 4.0899827283815577e+00
1.8941135690631806e+14 4.0581919957615981e-01 5.4264195114648883e+00
1.8982491882096069e+14 4.1189192211449666e-01 6.7977419960190879e+00
1.9024029063457331e+14 4.1202651255970807e-01 8.1539801967766650e+00
1.9065748425438597e+14 4.1520963324666682e-01 9.5223611881630994e+00
1.9107651169230769e+14 4.2121760653110801e-01 1.0901607298247360e+01
1.9149738506607931e+14 4.2211441026618729e-01 1.2292831926156445e+01
1.9192011660044150e+14 4.1537877891388708e-01 1.3665537370241800e+01
1.9234471862831859e+14 4.2849509482698867e-01 1.5073225377710761e+01
1.9277120359201775e+14 4.2391584003099697e-01 1.6499350270912338e+01
1.9319958404444447e+14 4.2489790622088236e-01 1.7869195374068539e+01
1.9362987265033406e+14 4.2920526807258685e-01 1.9321601166894869e+01
1.9406208218750000e+14 4.0347888366919721e-01 2.0746478643720931e+01
1.9449622554809844e+14 4.2862525793228229e-01 2.2161179457836415e+01
1.9493231573991031e+14 4.1922047110561711e-01 2.3630316557392742e+01
1.9537036588764044e+14 4.1857475084603224e-01 2.5020800139583852e+01
1.9581038923423425e+14 4.2116163406638740e-01 2.6499343964190739e+01
1.9625239914221219e+14 3.9473947646009028e-01 2.7887373390043425e+01
1.9669640909502262e+14 4.1199690062803573e-01 2.9340760262669228e+01
1.9714243269841272e+14 3.9857630616346640e-01 3.0846670731513733e+01
1.9759048368181819e+14 3.9955226894888501e-01 3.2212355760396740e+01
1.9804057589977219e+14 4.0309585398534753e-01 3.3702985438469781e+01
1.9849272333333331e+14 3.8387693670917267e-01 3.5097832175360367e+01
1.9894694009153316e+14 3.9676630795086743e-01 3.6592725755299135e+01
1.9940324041284403e+14 3.5040072821664903e-01 3.8032128523394100e+01
1.9986163866666666e+14 3.8492027859353328e-01 3.9503118193103738e+01
("port 2","mode 1",1,"port 2",1,"transmission")
(30, 3)
1.8737028625000000e+14 3.2586885004875402e-02 7.9155802043101364e-01
1.8777497369330453e+14 3.9516157216330443e-02 3.1835599497433855e+00
1.8818141303030303e+14 3.0667278037055094e-02 5.3640787198392079e+00
1.8858961566160522e+14 4.1772800308293154e-02 7.7895762876609043e+00
1.8899959308695653e+14 6.4328329365880565e-02 1.0209416139670285e+01
1.8941135690631806e+14 2.0354445120129277e-02 1.2752264568598882e+01
1.8982491882096069e+14 1.8402936254998052e-02 1.5062815321653469e+01
1.9024029063457331e+14 5.5292016859102087e-02 1.6334160451886302e+01
1.9065748425438597e+14 5.7294911086904446e-02 1.8535853440089738e+01
1.9107651169230769e+14 7.4782763235926419e-02 2.1125992713779901e+01
1.9149738506607931e+14 4.9342754859308294e-02 2.3651937598464720e+01
1.9192011660044150e+14 5.5875197385232854e-02 2.5126743295348113e+01
1.9234471862831859e+14 5.3264957702954495e-02 2.2635135176400279e+01
1.9277120359201775e+14 4.3562855001665901e-02 2.4935444044666664e+01
1.9319958404444447e+14 5.8034580769892971e-02 2.7300799070893007e+01
1.9362987265033406e+14 6.5870172069177821e-02 2.8713573060382259e+01
1.9406208218750000e+14 3.8913783296244647e-02 3.0519722174986228e+01
1.9449622554809844e+14 1.8978044676631920e-02 3.3052789288728967e+01
1.9493231573991031e+14 1.3704691349201334e-02 3.5597058121667082e+01
1.9537036588764044e+14 9.6511108822872269e-03 3.8161910564926444e+01
1.9581038923423425e+14 4.8390172441093622e-03 3.5378814646744416e+01
1.9625239914221219e+14 8.6368622551306166e-03 3.7714444824470753e+01
1.9669640909502262e+14 5.1548696399874782e-03 3.5062880120354620e+01
1.9714243269841272e+14 7.8259596092113363e-03 3.5179828254766015e+01
1.9759048368181819e+14 5.9997384789965526e-03 3.7428354662111047e+01
1.9804057589977219e+14 1.7987343805446251e-02 3.9587428804759419e+01
1.9849272333333331e+14 7.1098836226902509e-03 3.6795347849782424e+01
1.9894694009153316e+14 1.0649026351275707e-02 3.3756728417420817e+01
1.9940324041284403e+14 2.7639231863830462e-02 3.5892788101526037e+01
1.9986163866666666e+14 1.8788821976887644e-02 3.7954858392130006e+01
("port 2","mode 1",1,"port 3",1,"transmission")
(30, 3)
1.8737028625000000e+14 4.0269742776436558e-02 1.1864931667733063e+00
1.8777497369330453e+14 4.0632643455564908e-02 2.5149302138280181e+00
1.8818141303030303e+14 6.0905200239571924e-02 5.3875922432447494e+00
1.8858961566160522e+14 2.7823322819432929e-02 7.2799523264742660e+00
1.8899959308695653e+14 9.9255978248214746e-03 6.7780535303706539e+00
1.8941135690631806e+14 5.4752059661088495e-02 4.9833937503049057e+00
1.8982491882096069e+14 5.5942593786127676e-02 7.0187350137782003e+00
1.9024029063457331e+14 3.2925046469235240e-02 9.5564544636714359e+00
1.9065748425438597e+14 2.7265490673826300e-02 1.1183224673509770e+01
1.9107651169230769e+14 4.2102023013379994e-02 1.3627721381445690e+01
1.9149738506607931e+14 4.8760833612879195e-02 1.5667830853084826e+01
1.9192011660044150e+14 3.8476956721289417e-02 1.8162175641919667e+01
1.9234471862831859e+14 5.9935911567220911e-02 2.0121692546343127e+01
1.9277120359201775e+14 6.4832239870107028e-02 2.2655043818583124e+01
1.9319958404444447e+14 7.8266202291887813e-02 2.4899458131850185e+01
1.9362987265033406e+14 4.1166100320716346e-02 2.7807216114891553e+01
1.9406208218750000e+14 2.9439686801955280e-02 2.5085610247257140e+01
1.9449622554809844e+14 3.8627157538324214e-02 2.7627413442613904e+01
1.9493231573991031e+14 3.9913320425924173e-02 3.0003036674626525e+01
1.9537036588764044e+14 4.0891440411906968e-02 3.2609827296040812e+01
1.9581038923423425e+14 3.3731239810709815e-02 3.5065031904438918e+01
1.9625239914221219e+14 5.0611231250070277e-02 3.7552572862443924e+01
1.9669640909502262e+14 2.8650396399694598e-02 4.0045581611682998e+01
1.9714243269841272e+14 3.1911233223265709e-02 4.2121821552932538e+01
1.9759048368181819e+14 2.8757398393368556e-02 4.4381030974970606e+01
1.9804057589977219e+14 4.0162626646017177e-02 4.6599248245944089e+01
1.9849272333333331e+14 2.7056746684873238e-02 4.6379211060802241e+01
1.9894694009153316e+14 1.1758653456499480e-02 4.6441504193445283e+01
1.9940324041284403e+14 3.3808489475646186e-02 4.8544617099409948e+01
1.9986163866666666e+14 2.6639426286171702e-02 4.5444512715410717e+01
("port 2","mode 1",1,"port 4",1,"transmission")
(30, 3)
1.8737028625000000e+14 8.1327520690841933e-03 1.6065337472550798e+00
1.8777497369330453e+14 1.0570333116985305e-02 3.8759725570131742e+00
1.8818141303030303e+14 7.1706713167876187e-03 6.6298058495565666e+00
1.8858961566160522e+14 5.0391574406669854e-03 8.5556750137470488e+00
1.8899959308695653e+14 6.8913443674531883e-03 1.0829742240082084e+01
1.8941135690631806e+14 7.8680582105505621e-03 1.3530589067005973e+01
1.8982491882096069e+14 4.6905150925315433e-03 1.5777851505101872e+01
1.9024029063457331e+14 5.4931573103727399e-03 1.8312102701489739e+01
1.9065748425438597e+14 5.0791522174602529e-03 2.0704353983213124e+01
1.9107651169230769e+14 3.7571652176984285e-03 2.3366066099100596e+01
1.9149738506607931e+14 3.2353068892809040e-03 2.5521483725798923e+01
1.9192011660044150e+14 2.7305582168744478e-03 2.7753085165177911e+01
1.9234471862831859e+14 3.0718251048816514e-03 3.0245200785430583e+01
1.9277120359201775e+14 4.5811504968012087e-03 3.2509144624625456e+01
1.9319958404444447e+14 2.1740970825242048e-03 3.5283526573440867e+01
1.9362987265033406e+14 5.7431542180418687e-03 3.5376074711728720e+01
1.9406208218750000e+14 5.1545880365165839e-03 3.4136949456464770e+01
1.9449622554809844e+14 2.3023072271435309e-03 3.4997609592249034e+01
1.9493231573991031e+14 4.5164399709905515e-03 3.2581462809839067e+01
1.9537036588764044e+14 2.4053097406500539e-03 3.0463546568768525e+01
1.9581038923423425e+14 2.7823332512363990e-03 3.0623700896917398e+01
1.9625239914221219e+14 8.2067589051109426e-03 2.9780700470996685e+01
1.9669640909502262e+14 1.4722399511653678e-03 2.6837333524381329e+01
1.9714243269841272e+14 8.3055306428806968e-03 2.7257655760422647e+01
1.9759048368181819e+14 2.8225045477018140e-03 2.6507348464490647e+01
1.9804057589977219e+14 2.9667129352095025e-03 2.7517007362646456e+01
1.9849272333333331e+14 7.0986134790361130e-03 2.5498851365657131e+01
1.9894694009153316e+14 3.2594186857717302e-03 2.8037658360838464e+01
1.9940324041284403e+14 9.6270751294944661e-03 2.9275186427299005e+01
1.9986163866666666e+14 2.6371378075161979e-03 2.7105332175199560e+01
("port 2","mode 1",1,"port 5",1,"transmission")
(30, 3)
1.8737028625000000e+14 4.7905118627288260e-02 -2.1860800420779127e+00
1.8777497369330453e+14 5.2324874001207923e-02 -5.3527162909343484e-01
1.8818141303030303e+14 6.7302726442536362e-02 2.2192857201673295e+00
1.8858961566160522e+14 3.5818836640333931e-02 4.0796891029945979e+00
1.8899959308695653e+14 6.8092902339818399e-03 5.3536329217662253e+00
1.8941135690631806e+14 6.2438981000135250e-02 8.3069218755521597e+00
1.8982491882096069e+14 5.7083830133412311e-02 1.0252999536501456e+01
1.9024029063457331e+14 3.7219013805439433e-02 1.2779440413019143e+01
1.9065748425438597e+14 3.1332253156848393e-02 1.4680038960639362e+01
1.9107651169230769e+14 3.8783208262569174e-02 1.7114515516511055e+01
1.9149738506607931e+14 4.2314858718725958e-02 1.8884713258546700e+01
1.9192011660044150e+14 3.8512562847709118e-02 2.1504518215728162e+01
1.9234471862831859e+14 5.8167729845499033e-02 2.3304738218340120e+01
1.9277120359201775e+14 6.4515106758206403e-02 2.5859654012357680e+01
1.9319958404444447e+14 6.8885806033182409e-02 2.8150342122858774e+01
1.9362987265033406e+14 5.2595021868564316e-02 3.0904149912859786e+01
1.9406208218750000e+14 4.5749999005629996e-02 2.8180726003453508e+01
1.9449622554809844e+14 4.1687378400919288e-02 3.0767751484367011e+01
1.9493231573991031e+14 4.7271969441617559e-02 3.3159982678937972e+01
1.9537036588764044e+14 4.0522660748899784e-02 3.5881281919937940e+01
1.9581038923423425e+14 3.8361268955002227e-02 3.8186977300923637e+01
1.9625239914221219e+14 4.6910224968296749e-02 4.0925895767039130e+01
1.9669640909502262e+14 2.6322293405565800e-02 4.3271547487067615e+01
1.9714243269841272e+14 3.9784969180349551e-02 4.5467905758452538e+01
1.9759048368181819e+14 3.1411966545645958e-02 4.7588419521829493e+01
1.9804057589977219e+14 3.4110133647867261e-02 4.9851148476128017e+01
1.9849272333333331e+14 2.7521607391040828e-02 4.9638522422589993e+01
1.9894694009153316e+14 1.3382323198350256e-02 4.9374099513206495e+01
1.9940324041284403e+14 3.0304228424173157e-02 5.1777651533500226e+01
1.9986163866666666e+14 3.0764474390056626e-02 5.4781906348611628e+01
("port 2","mode 1",1,"port 6",1,"transmission")
(30, 3)
1.8737028625000000e+14 3.2460656808218982e-02 -2.2140333872253706e+00
1.8777497369330453e+14 3.7348345034330058e-02 4.9088576498734458e-02
1.8818141303030303e+14 3.0522191280052194e-02 2.2883279268761760e+00
1.8858961566160522e+14 4.0357381977541781e-02 4.7263313177550055e+00
1.8899959308695653e+14 6.1082654334721868e-02 7.1372619611728547e+00
1.8941135690631806e+14 1.2917122835336784e-02 9.7243509094029239e+00
1.8982491882096069e+14 1.5691619186145426e-02 1.1736178214815029e+01
1.9024029063457331e+14 5.4097836206924210e-02 1.3172651628696494e+01
1.9065748425438597e+14 5.2669884184935005e-02 1.5388916964045677e+01
1.9107651169230769e+14 6.9524941193753964e-02 1.7913408701814731e+01
1.9149738506607931e+14 4.7824517172238915e-02 2.0413205931622997e+01
1.9192011660044150e+14 5.7858563440407004e-02 2.1913404639713725e+01
1.9234471862831859e+14 5.3862793960679202e-02 1.9467092655147027e+01
1.9277120359201775e+14 4.1917608288648656e-02 2.1766316798755611e+01
1.9319958404444447e+14 5.5927185381097276e-02 2.4094411803032539e+01
1.9362987265033406e+14 5.6545598002668979e-02 2.5494250918817894e+01
1.9406208218750000e+14 3.5275012867866259e-02 2.7146227146059029e+01
1.9449622554809844e+14 2.4037961731420039e-02 2.9697280745163717e+01
1.9493231573991031e+14 1.7330633418360032e-02 3.2390186981150293e+01
1.9537036588764044e+14 1.5423772337917937e-02 3.4967570517194304e+01
1.9581038923423425e+14 9.2999056668082638e-03 3.1854482115327428e+01
1.9625239914221219e+14 1.3088557172466909e-02 3.4833016506717549e+01
1.9669640909502262e+14 1.4424260071028160e-02 3.7826347012381596e+01
1.9714243269841272e+14 1.0710583045748415e-02 3.8988434125604321e+01
1.9759048368181819e+14 1.1043296573000717e-02 4.1993594671126360e+01
1.9804057589977219e+14 5.0258925963083505e-03 4.3876204538467725e+01
1.9849272333333331e+14 1.1293583161814580e-02 4.1172985414977610e+01
1.9894694009153316e+14 2.1142876263638824e-02 4.3822990488759629e+01
1.9940324041284403e+14 3.1511860240712730e-02 4.5558128720401612e+01
1.9986163866666666e+14 1.6317613285440052e-02 4.7958233144311940e+01
("port 3","mode 1",1,"port 1",1,"transmission")
(30, 3)
1.8737028625000000e+14 4.1101513157595360e-01 -3.0591548488871023e+00
1.8777497369330453e+14 4.0869409026781894e-01 -1.7748429722814947e+00
1.8818141303030303e+14 4.1979058086910992e-01 -4.2691761089560920e-01
1.8858961566160522e+14 4.1159536045458450e-01 9.1518771236116936e-01
1.8899959308695653e+14 4.1962461781841520e-01 2.2433217825653191e+00
1.8941135690631806e+14 4.1529725009120061e-01 3.6002855747717790e+00
1.8982491882096069e+14 4.1960897503814304e-01 4.9418597145319936e+00
1.9024029063457331e+14 4.1938711983443905e-01 6.3153950374750041e+00
1.9065748425438597e+14 4.1427602234970623e-01 7.6756394273468560e+00
1.9107651169230769e+14 4.2230654020106412e-01 9.0463882785132412e+00
1.9149738506607931e+14 4.1962921967882799e-01 1.0435379992709075e+01
1.9192011660044150e+14 4.1414876443071830e-01 1.1802026547425477e+01
1.9234471862831859e+14 4.2332866379407819e-01 1.3209620079325202e+01
1.9277120359201775e+14 4.1086274034388870e-01 1.4620959875098329e+01
1.9319958404444447e+14 4.2026732485288615e-01 1.5989353933137666e+01
1.9362987265033406e+14 4.2279352927948788e-01 1.7444328014502570e+01
1.9406208218750000e+14 3.8394248187071223e-01 1.8840523838874653e+01
1.9449622554809844e+14 4.2189895845549563e-01 2.0268717256168856e+01
1.9493231573991031e+14 4.1276972915612037e-01 2.1725046754394519e+01
1.9537036588764044e+14 4.2144033836253558e-01 2.3129106303538240e+01
1.9581038923423425e+14 4.0595646819674330e-01 2.4614339976164626e+01
1.9625239914221219e+14 4.1080525627792897e-01 2.5934076754856086e+01
1.9669640909502262e+14 4.1224601183067433e-01 2.7460033070227052e+01
1.9714243269841272e+14 3.5765247814460305e-01 2.8946419232353136e+01
1.9759048368181819e+14 4.0095344182038700e-01 3.0318595549550963e+01
1.9804057589977219e+14 3.8290379350748827e-01 3.1808304536249484e+01
1.9849272333333331e+14 4.0208598263420914e-01 3.3227391584110507e+01
1.9894694009153316e+14 3.8216369903692454e-01 3.4750188635236796e+01
1.9940324041284403e+14 3.7351292140354803e-01 3.6050495353935702e+01
1.9986163866666666e+14 3.8770085187648073e-01 3.7656714329753505e+01
("port 3","mode 1",1,"port 2",1,"transmission")
(30, 3)
1.8737028625000000e+14 5.9622062477611072e-02 -2.1198654562464108e+00
1.8777497369330453e+14 5.9429676846029268e-02 -1.2106580607511347e-01
1.8818141303030303e+14 8.0619059176210470e-02 2.2239719692782649e+00
1.8858961566160522e+14 5.7598775907278660e-02 4.5944008483598910e+00
1.8899959308695653e+14 6.2958561168566102e-02 6.7116078441964842e+00
1.8941135690631806e+14 5.3237409683035128e-02 9.4670965001483118e+00
1.8982491882096069e+14 4.4147975224507661e-02 1.1488772505198780e+01
1.9024029063457331e+14 2.2605307120324009e-02 1.4350358404002453e+01
1.9065748425438597e+14 2.9661659243449830e-02 1.6566547129744954e+01
1.9107651169230769e+14 3.8488346999918398e-02 1.9233040000453620e+01
1.9149738506607931e+14 2.3366487658758886e-02 2.1925309158083664e+01
1.9192011660044150e+14 3.9113824852304122e-02 2.2952841790590767e+01
1.9234471862831859e+14 2.4871956419641222e-02 1.9887461220779251e+01
1.9277120359201775e+14 1.9868292589684786e-02 2.2169830536922550e+01
1.9319958404444447e+14 2.4428085753585658e-02 2.4389311806103290e+01
1.9362987265033406e+14 3.8201953183273504e-02 2.6215922303867767e+01
1.9406208218750000e+14 4.7825633295891179e-02 2.8482272129449282e+01
1.9449622554809844e+14 4.6470729462297848e-02 3.0703828460927024e+01
1.9493231573991031e+14 4.9239304902283725e-02 3.3068515244646704e+01
1.9537036588764044e+14 4.3350205812752722e-02 3.5818775553841860e+01
1.9581038923423425e+14 3.7252497264254725e-02 3.7684189362423830e+01
1.9625239914221219e+14 4.6829873214636275e-02 4.0820453488519981e+01
1.9669640909502262e+14 1.3435808564441497e-02 4.2913879106951185e+01
1.9714243269841272e+14 5.2719679099906026e-02 4.5352418772612701e+01
1.9759048368181819e+14 3.7847157455895473e-02 4.7857363634340828e+01
1.9804057589977219e+14 3.1792795349924498e-02 5.0571156558569363e+01
1.9849272333333331e+14 2.0063246346832070e-02 5.3337363299613280e+01
1.9894694009153316e+14 3.1277189065028320e-02 5.4831104230042925e+01
1.9940324041284403e+14 4.1852279301861646e-02 5.7195382718726286e+01
1.9986163866666666e+14 3.1328094232297952e-02 5.9390942558979397e+01
("port 3","mode 1",1,"port 3",1,"transmission")
(30, 3)
1.8737028625000000e+14 3.2072834344300680e-02 8.2965758216599905e-01
1.8777497369330453e+14 3.6486990933476092e-02 3.3559045853329037e+00
1.8818141303030303e+14 2.8942507502733712e-02 5.5854382802904938e+00
1.8858961566160522e+14 3.0463282322745047e-02 7.8248123161327312e+00
1.8899959308695653e+14 2.1906863527392670e-02 9.4848640607155588e+00
1.8941135690631806e+14 3.2595617777562022e-02 6.6947951057340171e+00
1.8982491882096069e+14 2.8858470981434882e-02 9.0356592448169373e+00
1.9024029063457331e+14 7.2319448892170166e-03 6.2777237769102463e+00
1.9065748425438597e+14 8.2188532958468695e-03 8.1481870835476897e+00
1.9107651169230769e+14 5.7248864126241859e-03 1.1034672913876882e+01
1.9149738506607931e+14 1.0498787216995539e-02 1.3590186452492688e+01
1.9192011660044150e+14 1.1568515425675408e-02 1.3333717512551832e+01
1.9234471862831859e+14 2.1196488880141029e-02 1.0911236674454930e+01
1.9277120359201775e+14 1.5563953229301165e-02 1.3722772221504364e+01
1.9319958404444447e+14 1.7036060856823985e-02 1.5659408575699622e+01
1.9362987265033406e+14 9.7493180294212691e-03 1.2745120073460233e+01
1.9406208218750000e+14 1.3162990049309722e-02 1.1309990632543560e+01
1.9449622554809844e+14 8.3129297362016345e-03 1.3732334737890222e+01
1.9493231573991031e+14 2.6792460260397204e-02 1.5845178550335024e+01
1.9537036588764044e+14 2.2318103371697314e-02 1.3291767791254639e+01
1.9581038923423425e+14 1.8858039825514986e-02 1.5495265775551454e+01
1.9625239914221219e+14 3.4973432758389836e-02 1.8092111168305500e+01
1.9669640909502262e+14 2.7208581672768541e-02 2.1137176312650588e+01
1.9714243269841272e+14 2.2663594600763455e-02 2.2554644667765039e+01
1.9759048368181819e+14 4.3020569820500145e-03 2.3567072092470625e+01
1.9804057589977219e+14 7.6913020033065743e-03 2.2640380306534219e+01
1.9849272333333331e+14 2.4658023253553745e-02 2.1703915052971293e+01
1.9894694009153316e+14 1.1407671277888592e-02 2.2436866550471670e+01
1.9940324041284403e+14 1.0753593257986305e-02 2.0914192926020668e+01
1.9986163866666666e+14 1.2014754038354152e-02 2.3543881991237431e+01
("port 3","mode 1",1,"port 4",1,"transmission")
(30, 3)
1.8737028625000000e+14 1.0648033540701993e-02 -2.2495221557922349e+00
1.8777497369330453e+14 1.1684772572507305e-02 7.0103065746922011e-01
1.8818141303030303e+14 5.4516046757615904e-03 3.3939137119572091e+00
1.8858961566160522e+14 5.4452452849744438e-03 5.5352744466830428e+00
1.8899959308695653e+14 4.5091760867609181e-03 8.0482547388462784e+00
1.8941135690631806e+14 5.8300047492079125e-03 1.0966908508737903e+01
1.8982491882096069e+14 3.8430469524951202e-03 1.3790562572657878e+01
1.9024029063457331e+14 4.0833311885383706e-03 1.6152402888654908e+01
1.9065748425438597e+14 4.7829226445213263e-03 1.8709187945575824e+01
1.9107651169230769e+14 4.2308440014384259e-03 2.1214528485556606e+01
1.9149738506607931e+14 4.3368488038659433e-03 2.3553997763332724e+01
1.9192011660044150e+14 6.4471770723350096e-03 2.6465159033134132e+01
1.9234471862831859e+14 4.1006253638874775e-03 2.3528895185713701e+01
1.9277120359201775e+14 3.4036003271856593e-03 2.3703471105179041e+01
1.9319958404444447e+14 5.4942319862108496e-03 2.1571124522686748e+01
1.9362987265033406e+14 5.0165125449307150e-03 2.4452779503611829e+01
1.9406208218750000e+14 6.9307238355815395e-03 2.6091118573442134e+01
1.9449622554809844e+14 7.3699956155174736e-03 2.3157332407910484e+01
1.9493231573991031e+14 8.9857704803611577e-03 2.0632677930534793e+01
1.9537036588764044e+14 4.9618346488341689e-04 2.0046063659103822e+01
1.9581038923423425e+14 1.0330858769543655e-03 1.9236331651607095e+01
1.9625239914221219e+14 6.9825446571383639e-03 1.6640580168817788e+01
1.9669640909502262e+14 5.6674648054764552e-03 1.8328315311342294e+01
1.9714243269841272e+14 8.5198424567058655e-03 2.0890798423087279e+01
1.9759048368181819e+14 5.9957702540127744e-03 2.3499241178907091e+01
1.9804057589977219e+14 8.5278059407183967e-03 2.0516867994893023e+01
1.9849272333333331e+14 2.7850662136217359e-03 1.8512883347023354e+01
1.9894694009153316e+14 4.9628440575759641e-03 2.0727278948109287e+01
1.9940324041284403e+14 1.8384652988732455e-02 2.1537602694585452e+01
1.9986163866666666e+14 7.2898152641820198e-03 1.9073150268334622e+01
("port 3","mode 1",1,"port 5",1,"transmission")
(30, 3)
1.8737028625000000e+14 1.6637234174389157e-02 -2.1595405244220478e+00
1.8777497369330453e+14 1.9175139519627162e-02 1.8230351051407390e-01
1.8818141303030303e+14 1.8256103222938646e-02 2.3378404849901013e+00
1.8858961566160522e+14 1.8367847494976591e-02 4.5747609009927750e+00
1.8899959308695653e+14 1.5779956916977388e-02 6.0064151582031311e+00
1.8941135690631806e+14 2.0842391103931757e-02 3.6450540953685810e+00
1.8982491882096069e+14 2.1903651733528866e-02 5.8237179105414123e+00
1.9024029063457331e+14 7.4340054827799450e-03 3.5633737753835253e+00
1.9065748425438597e+14 9.6838409107842475e-03 5.8893822529404956e+00
1.9107651169230769e+14 7.8391493620590270e-03 9.0235558802781171e+00
1.9149738506607931e+14 1.0469662475227034e-02 1.0487984251039542e+01
1.9192011660044150e+14 1.1080853931783751e-02 9.5741235267206282e+00
1.9234471862831859e+14 2.4487411163294042e-02 7.7470107591136674e+00
1.9277120359201775e+14 2.3551075280702650e-02 1.0858034899195543e+01
1.9319958404444447e+14 1.7070030326692329e-02 1.2648824247476885e+01
1.9362987265033406e+14 1.7156031122764759e-02 1.5764182644093278e+01
1.9406208218750000e+14 2.2405790485764659e-02 1.3885761539382766e+01
1.9449622554809844e+14 7.3608541696461626e-03 1.6749874399456495e+01
1.9493231573991031e+14 1.7998022432227340e-02 1.8750644108724291e+01
1.9537036588764044e+14 1.8522213019923097e-02 1.6516726481431490e+01
1.9581038923423425e+14 1.4411622174797079e-02 1.8519663298395987e+01
1.9625239914221219e+14 3.0363747232364659e-02 2.1455347636406778e+01
1.9669640909502262e+14 2.6704911987754584e-02 2.4401502174272963e+01
1.9714243269841272e+14 2.1308464133499423e-02 2.5837479824116741e+01
1.9759048368181819e+14 8.4789943916821053e-03 2.3432552096696973e+01
1.9804057589977219e+14 1.9947107923313695e-02 2.0386146919135900e+01
1.9849272333333331e+14 3.2161730667726381e-02 1.8474732594183710e+01
1.9894694009153316e+14 3.7870270881703648e-03 2.0486532046133483e+01
1.9940324041284403e+14 1.3961212226983804e-02 2.2066358791320276e+01
1.9986163866666666e+14 1.8403555838751709e-02 2.0129430973639941e+01
("port 3","mode 1",1,"port 6",1,"transmission")
(30, 3)
1.8737028625000000e+14 5.3682058067678472e-02 1.1753971155686758e+00
1.8777497369330453e+14 4.9489931001565846e-02 3.0061911922013742e+00
1.8818141303030303e+14 7.6301060290282191e-02 5.3640561179111437e+00
1.8858961566160522e+14 5.3461877956962896e-02 7.7857162535121098e+00
1.8899959308695653e+14 5.7569504795011689e-02 9.8661718791209161e+00
1.8941135690631806e+14 4.8088914631829141e-02 1.2626502212977346e+01
1.8982491882096069e+14 4.1665395804004614e-02 1.4632102559843732e+01
1.9024029063457331e+14 2.2371430860171633e-02 1.7620661592855043e+01
1.9065748425438597e+14 2.6770087057494660e-02 1.9846204818399190e+01
1.9107651169230769e+14 3.5422498825878737e-02 2.2434659283991984e+01
1.9149738506607931e+14 2.4610232251779572e-02 2.5054732925849049e+01
1.9192011660044150e+14 3.7123029639181952e-02 2.6092176828459255e+01
1.9234471862831859e+14 2.7323102867941804e-02 2.3127557508762376e+01
1.9277120359201775e+14 2.3905029997977632e-02 2.5442885703359359e+01
1.9319958404444447e+14 2.7334609466023542e-02 2.7510533935818110e+01
1.9362987265033406e+14 3.8435751596666436e-02 2.9518498763256169e+01
1.9406208218750000e+14 4.6569510250502683e-02 3.1856128119034686e+01
1.9449622554809844e+14 3.9453348311911947e-02 3.4165345337470271e+01
1.9493231573991031e+14 4.2920092610463714e-02 3.6397037295059661e+01
1.9537036588764044e+14 3.7208104827683781e-02 3.9253987841981846e+01
1.9581038923423425e+14 2.8229465292546434e-02 4.1127756790109920e+01
1.9625239914221219e+14 4.0532523163437154e-02 4.4237731235956218e+01
1.9669640909502262e+14 8.4973373170288188e-03 4.6885471231318078e+01
1.9714243269841272e+14 4.4605199950458127e-02 4.8780617779165375e+01
1.9759048368181819e+14 2.6761698164006208e-02 5.1282751162759808e+01
1.9804057589977219e+14 2.4940787140833951e-02 5.3936025561289789e+01
1.9849272333333331e+14 2.3188268581945927e-02 5.6933803434350288e+01
1.9894694009153316e+14 1.5173014915858296e-02 5.8550664547811131e+01
1.9940324041284403e+14 2.0694228058264760e-02 6.0269047666365772e+01
1.9986163866666666e+14 1.2711919908685502e-02 6.1864953812047801e+01
("port 4","mode 1",1,"port 1",1,"transmission")
(30, 3)
1.8737028625000000e+14 4.2520073865088476e-01 2.5825185511288544e+00
1.8777497369330453e+14 4.2088281105904213e-01 3.9741937072097144e+00
1.8818141303030303e+14 4.1083772603004859e-01 5.2450075341337801e+00
1.8858961566160522e+14 4.2780298581753329e-01 6.6180273944061625e+00
1.8899959308695653e+14 4.0241917088613499e-01 7.9338336444018802e+00
1.8941135690631806e+14 4.2293090051325244e-01 9.2642611139948468e+00
1.8982491882096069e+14 4.0418918883073385e-01 1.0658235474530169e+01
1.9024029063457331e+14 4.0921301375220903e-01 1.1969595073781656e+01
1.9065748425438597e+14 4.1192029340089598e-01 1.3367200799558798e+01
1.9107651169230769e+14 4.0850891976213871e-01 1.4704879966028608e+01
1.9149738506607931e+14 4.1388403279210983e-01 1.6105139087661190e+01
1.9192011660044150e+14 3.9289258094080431e-01 1.7452783627784964e+01
1.9234471862831859e+14 4.1973132655683038e-01 1.8859516712996836e+01
1.9277120359201775e+14 3.9677752395289784e-01 2.0312841027893072e+01
1.9319958404444447e+14 4.1195512653666960e-01 2.1609969290787085e+01
1.9362987265033406e+14 4.2053432240102107e-01 2.3105853850109160e+01
1.9406208218750000e+14 3.4711761560748411e-01 2.4451529670110954e+01
1.9449622554809844e+14 4.2724838731097420e-01 2.5916712302000484e+01
1.9493231573991031e+14 3.9231775332295948e-01 2.7418608359262954e+01
1.9537036588764044e+14 4.1880650537776781e-01 2.8727709563105186e+01
1.9581038923423425e+14 4.1128973239617372e-01 3.0278889794569938e+01
1.9625239914221219e+14 3.8610381666610499e-01 3.1516526021850755e+01
1.9669640909502262e+14 4.1412249169890386e-01 3.3102408806558792e+01
1.9714243269841272e+14 3.1749771897931051e-01 3.4703165530707672e+01
1.9759048368181819e+14 4.0593731819598272e-01 3.5933440781052013e+01
1.9804057589977219e+14 3.9102723746174628e-01 3.7537661207490729e+01
1.9849272333333331e+14 3.8019849928244226e-01 3.8822846836037357e+01
1.9894694009153316e+14 3.9334330809952134e-01 4.0409486082293157e+01
1.9940324041284403e+14 3.4283399710691215e-01 4.1653774576701970e+01
1.9986163866666666e+14 3.9223649336865746e-01 4.3304709368371036e+01
("port 4","mode 1",1,"port 2",1,"transmission")
(30, 3)
1.8737028625000000e+14 9.9922932509967852e-03 1.4909710095803395e+00
1.8777497369330453e+14 1.1364929367261386e-02 3.8825847522995560e+00
1.8818141303030303e+14 7.2988443712052493e-03 6.2850292890620842e+00
1.8858961566160522e+14 9.2940607031184556e-03 8.3258143420349988e+00
1.8899959308695653e+14 7.8261797643946283e-03 1.1205371807935116e+01
1.8941135690631806e+14 4.7204603042910066e-03 1.3308129362715547e+01
1.8982491882096069e+14 6.7270946162489541e-03 1.5610279797658187e+01
1.9024029063457331e+14 4.5493882673356004e-03 1.8622340451871004e+01
1.9065748425438597e+14 3.3094714725284305e-03 2.1049577084142935e+01
1.9107651169230769e+14 3.7121255976416642e-03 1.9385110629463544e+01
1.9149738506607931e+14 4.5621729542410739e-03 1.6466754404111839e+01
1.9192011660044150e+14 1.4421668735624634e-03 1.9546292140695456e+01
1.9234471862831859e+14 3.5079083630532907e-03 2.1662911310754932e+01
1.9277120359201775e+14 3.2916708434427549e-03 2.3862362368237530e+01
1.9319958404444447e+14 4.5652658097785357e-03 2.6073833248860993e+01
1.9362987265033406e+14 1.7316706173672980e-02 2.3252862216200512e+01
1.9406208218750000e+14 1.0309468403728504e-02 2.5196956322745045e+01
1.9449622554809844e+14 1.0763469275036977e-02 2.7788208472485788e+01
1.9493231573991031e+14 1.1483712547629301e-02 3.0273787454118246e+01
1.9537036588764044e+14 3.1525202269150031e-03 3.2842918586946503e+01
1.9581038923423425e+14 5.6417626979199526e-03 3.5048865371021698e+01
1.9625239914221219e+14 6.0928248121672026e-03 3.7970959254570474e+01
1.9669640909502262e+14 2.5961204570033331e-03 4.0166954977991772e+01
1.9714243269841272e+14 8.8950121988682004e-03 3.7220912572272859e+01
1.9759048368181819e+14 5.3242702260136643e-03 3.9870377377559961e+01
1.9804057589977219e+14 5.6872111633589394e-03 4.1734011325340617e+01
1.9849272333333331e+14 8.7379987850078229e-03 4.4560225635683388e+01
1.9894694009153316e+14 7.4586920316614845e-03 4.7195807733962610e+01
1.9940324041284403e+14 8.1707672647938802e-03 4.4168300616985512e+01
1.9986163866666666e+14 8.2107710338196922e-03 4.7038002061467495e+01
("port 4","mode 1",1,"port 3",1,"transmission")
(30, 3)
1.8737028625000000e+14 8.8344511572398324e-03 -1.8670662762577557e+00
1.8777497369330453e+14 8.6678286287663036e-03 8.7752842748612003e-01
1.8818141303030303e+14 3.3165255618570985e-03 3.0141034602399954e+00
1.8858961566160522e+14 4.2273694479413888e-03 5.3829875647912893e+00
1.8899959308695653e+14 1.1794045207498178e-03 4.3372432520643081e+00
1.8941135690631806e+14 3.8159619534174913e-03 1.9043682963995439e+00
1.8982491882096069e+14 2.2681275880318741e-03 5.0229904638534153e+00
1.9024029063457331e+14 2.2535429158059956e-03 5.7806345486402888e+00
1.9065748425438597e+14 3.9170495386380592e-03 6.0718307206403681e+00
1.9107651169230769e+14 6.4650745387215876e-03 3.8454273273472581e+00
1.9149738506607931e+14 3.2844581207257997e-03 1.1350275027309051e+00
1.9192011660044150e+14 5.9537903286614787e-03 1.1657277052791051e+00
1.9234471862831859e+14 9.2757636297651457e-04 2.8726174795807267e+00
1.9277120359201775e+14 9.4870992615314152e-03 5.1252238151774243e+00
1.9319958404444447e+14 3.4955626213082945e-03 2.8736845821856867e+00
1.9362987265033406e+14 1.3568500131807307e-02 5.7593507505122643e+00
1.9406208218750000e+14 2.0252444268556116e-02 7.3934573897636930e+00
1.9449622554809844e+14 6.9638505154614718e-03 9.8021363016194023e+00
1.9493231573991031e+14 1.0829479759177569e-02 1.1889004431716495e+01
1.9537036588764044e+14 2.6761828378052918e-03 9.6641170386028481e+00
1.9581038923423425e+14 2.7222858444858008e-03 1.0229034521283193e+01
1.9625239914221219e+14 2.5572714096393947e-03 1.0085161635901079e+01
1.9669640909502262e+14 2.9227487817754965e-03 1.3032912752678698e+01
1.9714243269841272e+14 9.0502471718280093e-03 1.0902929365134664e+01
1.9759048368181819e+14 2.5053964308609745e-03 1.2037350501413282e+01
1.9804057589977219e+14 1.0579514820170149e-02 9.4023690803406765e+00
1.9849272333333331e+14 8.1458971170295172e-03 1.2330532341408645e+01
1.9894694009153316e+14 1.1161834922400870e-02 1.4868879505401388e+01
1.9940324041284403e+14 5.1664087521877860e-03 1.6100303933842046e+01
1.9986163866666666e+14 9.5169838071407047e-03 1.3112681161996315e+01
("port 4","mode 1",1,"port 4",1,"transmission")
(30, 3)
1.8737028625000000e+14 1.9678477485038644e-02 1.4428400813215643e+00
1.8777497369330453e+14 9.2776044557285314e-03 4.5319801459984275e+00
1.8818141303030303e+14 3.7841196878802669e-03 6.0043273840600930e+00
1.8858961566160522e+14 5.3911372811560315e-03 3.7771269773754903e+00
1.8899959308695653e+14 5.4734222346472256e-03 2.2959527555907080e+00
1.8941135690631806e+14 2.9191029155323078e-03 3.8964039146583493e+00
1.8982491882096069e+14 8.9054415969362609e-03 6.4246170853620850e+00
1.9024029063457331e+14 6.2968146327727339e-03 9.0427638497152962e+00
1.9065748425438597e+14 1.1002098342776089e-02 1.1315420707403407e+01
1.9107651169230769e+14 9.5348959648006229e-03 1.4067806263626977e+01
1.9149738506607931e+14 8.9829957669552481e-03 1.6066693495885055e+01
1.9192011660044150e+14 1.5166979885407061e-02 1.8882233963892684e+01
1.9234471862831859e+14 6.8823647671174739e-03 2.1179207813823243e+01
1.9277120359201775e+14 1.7035891450806390e-02 2.3367974415819553e+01
1.9319958404444447e+14 6.7901754437001095e-03 2.6447064244504258e+01
1.9362987265033406e+14 2.0324188702292283e-02 2.9450179350871728e+01
1.9406208218750000e+14 1.1151779114822400e-02 3.1388172532085605e+01
1.9449622554809844e+14 9.6910748090882782e-03 3.3393991824099274e+01
1.9493231573991031e+14 1.2767042162288595e-02 3.5933311367441732e+01
1.9537036588764044e+14 8.9232452728582145e-04 3.7495390352930293e+01
1.9581038923423425e+14 7.0009948979940159e-03 3.9638384458090727e+01
1.9625239914221219e+14 1.3601572817040447e-02 4.1826498819450890e+01
1.9669640909502262e+14 9.5794922244078155e-03 4.4176008459837114e+01
1.9714243269841272e+14 6.6284168915857365e-03 4.6873184557987926e+01
1.9759048368181819e+14 6.5609537401409767e-03 4.8673120791658349e+01
1.9804057589977219e+14 5.1817638869944421e-03 4.6457528295054388e+01
1.9849272333333331e+14 1.1645632208514207e-03 4.6791733091885064e+01
1.9894694009153316e+14 4.6861179264029778e-03 4.5653015874648958e+01
1.9940324041284403e+14 1.1511805553477342e-02 4.6138067439555329e+01
1.9986163866666666e+14 7.8515449777830978e-03 4.3863494980385958e+01
("port 4","mode 1",1,"port 5",1,"transmission")
(30, 3)
1.8737028625000000e+14 8.8344509571136390e-03 -1.8670664231850376e+00
1.8777497369330453e+14 8.6678269825058822e-03 8.7752827487115848e-01
1.8818141303030303e+14 3.3165240787008049e-03 3.0141028645516377e+00
1.8858961566160522e+14 4.2273677862324794e-03 5.3829872116081274e+00
1.8899959308695653e+14 1.1794047536227688e-03 4.3372434604340073e+00
1.8941135690631806e+14 3.8159634932074540e-03 1.9043678997600464e+00
1.8982491882096069e+14 2.2681272097065455e-03 5.0229900020834544e+00
1.9024029063457331e+14 2.2535433701234607e-03 5.7806343787106682e+00
1.9065748425438597e+14 3.9170500835964675e-03 6.0718307939976128e+00
1.9107651169230769e+14 6.4650749888450340e-03 3.8454271148158559e+00
1.9149738506607931e+14 3.2844567681327916e-03 1.1350273597690668e+00
1.9192011660044150e+14 5.9537931451508165e-03 1.1657278669561282e+00
1.9234471862831859e+14 9.2757748870681597e-04 2.8726177052071349e+00
1.9277120359201775e+14 9.4871005672790259e-03 5.1252238818472140e+00
1.9319958404444447e+14 3.4955632538910923e-03 2.8736841223650851e+00
1.9362987265033406e+14 1.3568501588155830e-02 5.7593507617947299e+00
1.9406208218750000e+14 2.0252447600231812e-02 7.3934574570905465e+00
1.9449622554809844e+14 6.9638529331174873e-03 9.8021364889964282e+00
1.9493231573991031e+14 1.0829481564895415e-02 1.1889004528167266e+01
1.9537036588764044e+14 2.6761845873486171e-03 9.6641164099067538e+00
1.9581038923423425e+14 2.7222875222934601e-03 1.0229035284707344e+01
1.9625239914221219e+14 2.5572682512136065e-03 1.0085160949448943e+01
1.9669640909502262e+14 2.9227463927736226e-03 1.3032912571952975e+01
1.9714243269841272e+14 9.0502473007216151e-03 1.0902929587398596e+01
1.9759048368181819e+14 2.5053956172890295e-03 1.2037350559769965e+01
1.9804057589977219e+14 1.0579513829544513e-02 9.4023692290468066e+00
1.9849272333333331e+14 8.1458957440664077e-03 1.2330532160196761e+01
1.9894694009153316e+14 1.1161833513936945e-02 1.4868879513132150e+01
1.9940324041284403e+14 5.1664083618225744e-03 1.6100303777052279e+01
1.9986163866666666e+14 9.5169838172881813e-03 1.3112681045424170e+01
("port 4","mode 1",1,"port 6",1,"transmission")
(30, 3)
1.8737028625000000e+14 9.9922932368918839e-03 1.4909709917915726e+00
1.8777497369330453e+14 1.1364928645193478e-02 3.8825847041417028e+00
1.8818141303030303e+14 7.2988434131100897e-03 6.2850292038418329e+00
1.8858961566160522e+14 9.2940600892194754e-03 8.3258142624514377e+00
1.8899959308695653e+14 7.8261798490624323e-03 1.1205371902814683e+01
1.8941135690631806e+14 4.7204588239307677e-03 1.3308129152198754e+01
1.8982491882096069e+14 6.7270938084590687e-03 1.5610279747897966e+01
1.9024029063457331e+14 4.5493888560898272e-03 1.8622340156110504e+01
1.9065748425438597e+14 3.3094715970327059e-03 2.1049576544386902e+01
1.9107651169230769e+14 3.7121235564393680e-03 1.9385110937939835e+01
1.9149738506607931e+14 4.5621728297598509e-03 1.6466754737335780e+01
1.9192011660044150e+14 1.4421692707179464e-03 1.9546292626216413e+01
1.9234471862831859e+14 3.5079078882833143e-03 2.1662911600764154e+01
1.9277120359201775e+14 3.2916706773223579e-03 2.3862362777113283e+01
1.9319958404444447e+14 4.5652650579723368e-03 2.6073833405456963e+01
1.9362987265033406e+14 1.7316705786312052e-02 2.3252862201350698e+01
1.9406208218750000e+14 1.0309468180424228e-02 2.5196956278581421e+01
1.9449622554809844e+14 1.0763469252327231e-02 2.7788208370331301e+01
1.9493231573991031e+14 1.1483711918663634e-02 3.0273787393754169e+01
1.9537036588764044e+14 3.1525200905867840e-03 3.2842917831698372e+01
1.9581038923423425e+14 5.6417618598895835e-03 3.5048865115174848e+01
1.9625239914221219e+14 6.0928246507492446e-03 3.7970958828734254e+01
1.9669640909502262e+14 2.5961207608715445e-03 4.0166954638427420e+01
1.9714243269841272e+14 8.8950114235117582e-03 3.7220912531190955e+01
1.9759048368181819e+14 5.3242693312419986e-03 3.9870377296993588e+01
1.9804057589977219e+14 5.6872117256341554e-03 4.1734011197586469e+01
1.9849272333333331e+14 8.7379991060050951e-03 4.4560225574025935e+01
1.9894694009153316e+14 7.4586915667127322e-03 4.7195807790079961e+01
1.9940324041284403e+14 8.1707672438487734e-03 4.4168300711348067e+01
1.9986163866666666e+14 8.2107716335224467e-03 4.7038002030231873e+01
("port 5","mode 1",1,"port 1",1,"transmission")
(30, 3)
1.8737028625000000e+14 4.1101512287741099e-01 -3.0591548332744245e+00
1.8777497369330453e+14 4.0869407247063533e-01 -1.7748429446187168e+00
1.8818141303030303e+14 4.1979056556084127e-01 -4.2691758291907583e-01
1.8858961566160522e+14 4.1159533759029326e-01 9.1518775801342767e-01
1.8899959308695653e+14 4.1962460447028993e-01 2.2433218076269981e+00
1.8941135690631806e+14 4.1529722453123064e-01 3.6002856224025401e+00
1.8982491882096069e+14 4.1960895812993704e-01 4.9418597370949486e+00
1.9024029063457331e+14 4.1938709684780384e-01 6.3153950798884200e+00
1.9065748425438597e+14 4.1427600010706073e-01 7.6756394561893604e+00
1.9107651169230769e+14 4.2230650748891913e-01 9.0463883089012018e+00
1.9149738506607931e+14 4.1962919185707565e-01 1.0435380016482107e+01
1.9192011660044150e+14 4.1414872344194914e-01 1.1802026603336852e+01
1.9234471862831859e+14 4.2332864099630874e-01 1.3209620102498427e+01
1.9277120359201775e+14 4.1086271636058963e-01 1.4620959892444439e+01
1.9319958404444447e+14 4.2026728605083497e-01 1.5989353974487324e+01
1.9362987265033406e+14 4.2279350162650176e-01 1.7444328020846768e+01
1.9406208218750000e+14 3.8394243935349526e-01 1.8840523869989017e+01
1.9449622554809844e+14 4.2189892199067303e-01 2.0268717275079293e+01
1.9493231573991031e+14 4.1276969925220780e-01 2.1725046755474967e+01
1.9537036588764044e+14 4.2144029750988926e-01 2.3129106309688492e+01
1.9581038923423425e+14 4.0595642117337444e-01 2.4614339977306475e+01
1.9625239914221219e+14 4.1080521817662036e-01 2.5934076757824780e+01
1.9669640909502262e+14 4.1224596346634568e-01 2.7460033053942663e+01
1.9714243269841272e+14 3.5765245046070537e-01 2.8946419244602062e+01
1.9759048368181819e+14 4.0095341492318076e-01 3.0318595556590772e+01
1.9804057589977219e+14 3.8290374782254155e-01 3.1808304526343626e+01
1.9849272333333331e+14 4.0208593519808383e-01 3.3227391562842008e+01
1.9894694009153316e+14 3.8216364421455840e-01 3.4750188561342462e+01
1.9940324041284403e+14 3.7351288663016902e-01 3.6050495345790232e+01
1.9986163866666666e+14 3.8770082549583196e-01 3.7656714283512208e+01
("port 5","mode 1",1,"port 2",1,"transmission")
(30, 3)
1.8737028625000000e+14 5.3682058037738581e-02 1.1753971181736438e+00
1.8777497369330453e+14 4.9489930833710491e-02 3.0061911788243276e+00
1.8818141303030303e+14 7.6301060139092616e-02 5.3640561183671096e+00
1.8858961566160522e+14 5.3461878156759450e-02 7.7857162301331782e+00
1.8899959308695653e+14 5.7569505949905606e-02 9.8661718600256982e+00
1.8941135690631806e+14 4.8088914018390050e-02 1.2626502228741057e+01
1.8982491882096069e+14 4.1665395257686678e-02 1.4632102567845063e+01
1.9024029063457331e+14 2.2371426544670080e-02 1.7620661554409320e+01
1.9065748425438597e+14 2.6770083043383876e-02 1.9846204788181669e+01
1.9107651169230769e+14 3.5422491460199636e-02 2.2434659236582355e+01
1.9149738506607931e+14 2.4610227732096084e-02 2.5054732933015547e+01
1.9192011660044150e+14 3.7123024346416816e-02 2.6092176760360079e+01
1.9234471862831859e+14 2.7323100801944351e-02 2.3127557465032929e+01
1.9277120359201775e+14 2.3905027186576860e-02 2.5442885639936623e+01
1.9319958404444447e+14 2.7334606288312715e-02 2.7510533745683798e+01
1.9362987265033406e+14 3.8435746892354454e-02 2.9518498688307211e+01
1.9406208218750000e+14 4.6569508045412905e-02 3.1856128091636418e+01
1.9449622554809844e+14 3.9453346949355518e-02 3.4165345336179669e+01
1.9493231573991031e+14 4.2920092909286937e-02 3.6397037271394851e+01
1.9537036588764044e+14 3.7208104724177640e-02 3.9253987875570822e+01
1.9581038923423425e+14 2.8229466604265570e-02 4.1127756819443732e+01
1.9625239914221219e+14 4.0532525869013743e-02 4.4237731276218753e+01
1.9669640909502262e+14 8.4973399933546707e-03 4.6885471416653914e+01
1.9714243269841272e+14 4.4605200918874481e-02 4.8780617796280929e+01
1.9759048368181819e+14 2.6761697941428981e-02 5.1282751163378769e+01
1.9804057589977219e+14 2.4940784341623563e-02 5.3936025613194552e+01
1.9849272333333331e+14 2.3188265206477651e-02 5.6933803231485953e+01
1.9894694009153316e+14 1.5173017211390655e-02 5.8550664407073626e+01
1.9940324041284403e+14 2.0694230346436630e-02 6.0269047472347452e+01
1.9986163866666666e+14 1.2711922277282005e-02 6.1864953903224560e+01
("port 5","mode 1",1,"port 3",1,"transmission")
(30, 3)
1.8737028625000000e+14 1.6637233931010079e-02 -2.1595403856874169e+00
1.8777497369330453e+14 1.9175142370431119e-02 1.8230376756160138e-01
1.8818141303030303e+14 1.8256103957925370e-02 2.3378408382045577e+00
1.8858961566160522e+14 1.8367848532370876e-02 4.5747612568774363e+00
1.8899959308695653e+14 1.5779955765547679e-02 6.0064152673571209e+00
1.8941135690631806e+14 2.0842398386560611e-02 3.6450542578594431e+00
1.8982491882096069e+14 2.1903655760700590e-02 5.8237179535268657e+00
1.9024029063457331e+14 7.4340064743961595e-03 3.5633734036929541e+00
1.9065748425438597e+14 9.6838414250836127e-03 5.8893820526531551e+00
1.9107651169230769e+14 7.8391480715450067e-03 9.0235554683138588e+00
1.9149738506607931e+14 1.0469661431870088e-02 1.0487984151375183e+01
1.9192011660044150e+14 1.1080853358725168e-02 9.5741241694419568e+00
1.9234471862831859e+14 2.4487411124199457e-02 7.7470106846165647e+00
1.9277120359201775e+14 2.3551073907118324e-02 1.0858034795245180e+01
1.9319958404444447e+14 1.7070031068794792e-02 1.2648823896548436e+01
1.9362987265033406e+14 1.7156031647860098e-02 1.5764182361596768e+01
1.9406208218750000e+14 2.2405779913731425e-02 1.3885761342448351e+01
1.9449622554809844e+14 7.3608464319829675e-03 1.6749874379694901e+01
1.9493231573991031e+14 1.7998015357309636e-02 1.8750643985306944e+01
1.9537036588764044e+14 1.8522207521980374e-02 1.6516726901176021e+01
1.9581038923423425e+14 1.4411616449571124e-02 1.8519663737257808e+01
1.9625239914221219e+14 3.0363740534296815e-02 2.1455347902999350e+01
1.9669640909502262e+14 2.6704911325831814e-02 2.4401502364257595e+01
1.9714243269841272e+14 2.1308459687647469e-02 2.5837479991475789e+01
1.9759048368181819e+14 8.4789968664369629e-03 2.3432552440974955e+01
1.9804057589977219e+14 1.9947114975618897e-02 2.0386146909897530e+01
1.9849272333333331e+14 3.2161733946693707e-02 1.8474732644292956e+01
1.9894694009153316e+14 3.7870289466130102e-03 2.0486531105340479e+01
1.9940324041284403e+14 1.3961217170140615e-02 2.2066358566138007e+01
1.9986163866666666e+14 1.8403555469194942e-02 2.0129430887380359e+01
("port 5","mode 1",1,"port 4",1,"transmission")
(30, 3)
1.8737028625000000e+14 1.0648033554899896e-02 -2.2495221095606404e+00
1.8777497369330453e+14 1.1684773217407228e-02 7.0103063443345504e-01
1.8818141303030303e+14 5.4516060876824953e-03 3.3939137583971748e+00
1.8858961566160522e+14 5.4452459774167478e-03 5.5352745057429962e+00
1.8899959308695653e+14 4.5091770047291455e-03 8.0482548199005191e+00
1.8941135690631806e+14 5.8300050935618884e-03 1.0966908401852566e+01
1.8982491882096069e+14 3.8430468535205166e-03 1.3790562440772097e+01
1.9024029063457331e+14 4.0833316085013543e-03 1.6152402807491640e+01
1.9065748425438597e+14 4.7829230412485008e-03 1.8709187840329868e+01
1.9107651169230769e+14 4.2308449457534210e-03 2.1214528341725959e+01
1.9149738506607931e+14 4.3368491808754980e-03 2.3553997688974587e+01
1.9192011660044150e+14 6.4471770631949520e-03 2.6465158937445061e+01
1.9234471862831859e+14 4.1006250455390275e-03 2.3528895241935942e+01
1.9277120359201775e+14 3.4036005319601852e-03 2.3703470977385539e+01
1.9319958404444447e+14 5.4942311935634652e-03 2.1571124613897155e+01
1.9362987265033406e+14 5.0165123587867840e-03 2.4452779572488602e+01
1.9406208218750000e+14 6.9307230491723873e-03 2.6091118290603152e+01
1.9449622554809844e+14 7.3699946558272505e-03 2.3157332411602656e+01
1.9493231573991031e+14 8.9857697254088695e-03 2.0632678058029182e+01
1.9537036588764044e+14 4.9618447595779856e-04 2.0046063903853753e+01
1.9581038923423425e+14 1.0330855379263530e-03 1.9236331717089534e+01
1.9625239914221219e+14 6.9825429842682038e-03 1.6640580494857502e+01
1.9669640909502262e+14 5.6674639185932078e-03 1.8328315029154435e+01
1.9714243269841272e+14 8.5198422003385319e-03 2.0890798654962403e+01
1.9759048368181819e+14 5.9957707115738477e-03 2.3499241280611322e+01
1.9804057589977219e+14 8.5278058114588266e-03 2.0516867991416113e+01
1.9849272333333331e+14 2.7850657241307504e-03 1.8512882830184591e+01
1.9894694009153316e+14 4.9628433256424581e-03 2.0727278999061429e+01
1.9940324041284403e+14 1.8384652974800481e-02 2.1537602713183933e+01
1.9986163866666666e+14 7.2898155419574354e-03 1.9073150223398528e+01
("port 5","mode 1",1,"port 5",1,"transmission")
(30, 3)
1.8737028625000000e+14 3.2072834283871220e-02 8.2965759443396880e-01
1.8777497369330453e+14 3.6486991749460053e-02 3.3559045892768102e+00
1.8818141303030303e+14 2.8942507385886527e-02 5.5854383065211834e+00
1.8858961566160522e+14 3.0463283209777814e-02 7.8248123181282665e+00
1.8899959308695653e+14 2.1906864534759339e-02 9.4848640063582739e+00
1.8941135690631806e+14 3.2595620900584328e-02 6.6947950509866363e+00
1.8982491882096069e+14 2.8858472147595907e-02 9.0356591938171711e+00
1.9024029063457331e+14 7.2319437203527516e-03 6.2777234962698740e+00
1.9065748425438597e+14 8.2188516224576316e-03 8.1481868027853324e+00
1.9107651169230769e+14 5.7248808902891088e-03 1.1034672142886865e+01
1.9149738506607931e+14 1.0498782262504974e-02 1.3590186251322008e+01
1.9192011660044150e+14 1.1568521114791877e-02 1.3333717305507280e+01
1.9234471862831859e+14 2.1196487485012815e-02 1.0911236506534864e+01
1.9277120359201775e+14 1.5563950273134499e-02 1.3722771974669200e+01
1.9319958404444447e+14 1.7036057317707215e-02 1.5659408009330470e+01
1.9362987265033406e+14 9.7493138798057030e-03 1.2745120053370108e+01
1.9406208218750000e+14 1.3162992013927555e-02 1.1309990744623411e+01
1.9449622554809844e+14 8.3129303010936861e-03 1.3732334700476111e+01
1.9493231573991031e+14 2.6792461089193084e-02 1.5845178562266305e+01
1.9537036588764044e+14 2.2318103744031630e-02 1.3291767826438537e+01
1.9581038923423425e+14 1.8858037825753494e-02 1.5495265732301815e+01
1.9625239914221219e+14 3.4973433317711501e-02 1.8092111244305048e+01
1.9669640909502262e+14 2.7208581113321379e-02 2.1137176391791808e+01
1.9714243269841272e+14 2.2663595955991159e-02 2.2554644687592056e+01
1.9759048368181819e+14 4.3020570854614120e-03 2.3567072418189408e+01
1.9804057589977219e+14 7.6913060371124513e-03 2.2640380081818019e+01
1.9849272333333331e+14 2.4658024338284158e-02 2.1703915280044942e+01
1.9894694009153316e+14 1.1407669393575341e-02 2.2436866753950795e+01
1.9940324041284403e+14 1.0753595461493244e-02 2.0914192770226993e+01
1.9986163866666666e+14 1.2014755884100571e-02 2.3543881704302571e+01
("port 5","mode 1",1,"port 6",1,"transmission")
(30, 3)
1.8737028625000000e+14 5.9622062150880055e-02 -2.1198654540200286e+00
1.8777497369330453e+14 5.9429677924064402e-02 -1.2106582488906170e-01
1.8818141303030303e+14 8.0619059479004607e-02 2.2239719887491392e+00
1.8858961566160522e+14 5.7598776314345346e-02 4.5944008364213769e+00
1.8899959308695653e+14 6.2958561643021327e-02 6.7116078470266984e+00
1.8941135690631806e+14 5.3237410862070261e-02 9.4670965111933771e+00
1.8982491882096069e+14 4.4147976579029254e-02 1.1488772506107225e+01
1.9024029063457331e+14 2.2605304068680051e-02 1.4350358412853597e+01
1.9065748425438597e+14 2.9661656285158572e-02 1.6566547129585942e+01
1.9107651169230769e+14 3.8488340414280835e-02 1.9233040002820893e+01
1.9149738506607931e+14 2.3366484431999408e-02 2.1925309171993746e+01
1.9192011660044150e+14 3.9113818810206369e-02 2.2952841769574160e+01
1.9234471862831859e+14 2.4871955781671010e-02 1.9887461102062861e+01
1.9277120359201775e+14 1.9868292324313721e-02 2.2169830417498432e+01
1.9319958404444447e+14 2.4428085299418204e-02 2.4389311556343586e+01
1.9362987265033406e+14 3.8201950706610914e-02 2.6215922220645094e+01
1.9406208218750000e+14 4.7825627087815445e-02 2.8482272164005238e+01
1.9449622554809844e+14 4.6470727453927843e-02 3.0703828477480791e+01
1.9493231573991031e+14 4.9239301973802718e-02 3.3068515241436472e+01
1.9537036588764044e+14 4.3350203491954037e-02 3.5818775512933669e+01
1.9581038923423425e+14 3.7252497280127861e-02 3.7684189307759240e+01
1.9625239914221219e+14 4.6829870264588132e-02 4.0820453438589787e+01
1.9669640909502262e+14 1.3435810201387880e-02 4.2913878805271267e+01
1.9714243269841272e+14 5.2719677487604227e-02 4.5352418789856920e+01
1.9759048368181819e+14 3.7847156809620489e-02 4.7857363666633233e+01
1.9804057589977219e+14 3.1792793133139229e-02 5.0571156532012594e+01
1.9849272333333331e+14 2.0063246505646188e-02 5.3337363423542996e+01
1.9894694009153316e+14 3.1277191842428380e-02 5.4831104110132976e+01
1.9940324041284403e+14 4.1852280078871006e-02 5.7195382694347686e+01
1.9986163866666666e+14 3.1328093863933648e-02 5.9390942445448871e+01
("port 6","mode 1",1,"port 1",1,"transmission")
(30, 3)
1.8737028625000000e+14 3.8165635675604082e-01 -1.2465491219653995e+00
1.8777497369330453e+14 3.9346546420739875e-01 7.2523848503748309e-02
1.8818141303030303e+14 3.9494728554042768e-01 1.4091558974553273e+00
1.8858961566160522e+14 3.9917001173750788e-01 2.7405157468375485e+00
1.8899959308695653e+14 4.0193733431946138e-01 4.0899827313081332e+00
1.8941135690631806e+14 4.0581923871166231e-01 5.4264195174748515e+00
1.8982491882096069e+14 4.1189194519833444e-01 6.7977419949528306e+00
1.9024029063457331e+14 4.1202654501870001e-01 8.1539802047312762e+00
1.9065748425438597e+14 4.1520966272366761e-01 9.5223611863610849e+00
1.9107651169230769e+14 4.2121765063025485e-01 1.0901607287756420e+01
1.9149738506607931e+14 4.2211444551941757e-01 1.2292831917229192e+01
1.9192011660044150e+14 4.1537883510832474e-01 1.3665537371104561e+01
1.9234471862831859e+14 4.2849512300174919e-01 1.5073225371994683e+01
1.9277120359201775e+14 4.2391586874519654e-01 1.6499350261798131e+01
1.9319958404444447e+14 4.2489795939940905e-01 1.7869195368599769e+01
1.9362987265033406e+14 4.2920530261861983e-01 1.9321601145834329e+01
1.9406208218750000e+14 4.0347893479247487e-01 2.0746478632647595e+01
1.9449622554809844e+14 4.2862530094204115e-01 2.2161179438301929e+01
1.9493231573991031e+14 4.1922050687081719e-01 2.3630316532016167e+01
1.9537036588764044e+14 4.1857480251764401e-01 2.5020800104931219e+01
1.9581038923423425e+14 4.2116168756393457e-01 2.6499343925606333e+01
1.9625239914221219e+14 3.9473952533535084e-01 2.7887373348936158e+01
1.9669640909502262e+14 4.1199696249786943e-01 2.9340760203677810e+01
1.9714243269841272e+14 3.9857633321313618e-01 3.0846670723493784e+01
1.9759048368181819e+14 3.9955229896227984e-01 3.2212355738976711e+01
1.9804057589977219e+14 4.0309590657747219e-01 3.3702985390038599e+01
1.9849272333333331e+14 3.8387699220705718e-01 3.5097832113177894e+01
1.9894694009153316e+14 3.9676636198484722e-01 3.6592725657349177e+01
1.9940324041284403e+14 3.5040077411191567e-01 3.8032128473290292e+01
1.9986163866666666e+14 3.8492030520363230e-01 3.9503118139363323e+01
("port 6","mode 1",1,"port 2",1,"transmission")
(30, 3)
1.8737028625000000e+14 3.2460657264824465e-02 -2.2140334743560355e+00
1.8777497369330453e+14 3.7348342949954386e-02 4.9088437747094177e-02
1.8818141303030303e+14 3.0522190854172668e-02 2.2883277006988982e+00
1.8858961566160522e+14 4.0357380153312999e-02 4.7263311705162945e+00
1.8899959308695653e+14 6.1082653195095732e-02 7.1372619274456532e+00
1.8941135690631806e+14 1.2917116994191045e-02 9.7243505623114288e+00
1.8982491882096069e+14 1.5691615846306049e-02 1.1736178067952212e+01
1.9024029063457331e+14 5.4097836713058164e-02 1.3172651577179499e+01
1.9065748425438597e+14 5.2669884529776383e-02 1.5388916926030710e+01
1.9107651169230769e+14 6.9524941809975191e-02 1.7913408654325316e+01
1.9149738506607931e+14 4.7824515650082590e-02 2.0413205923994042e+01
1.9192011660044150e+14 5.7858565489161323e-02 2.1913404523446399e+01
1.9234471862831859e+14 5.3862792293959537e-02 1.9467092679436263e+01
1.9277120359201775e+14 4.1917605453706493e-02 2.1766316826015533e+01
1.9319958404444447e+14 5.5927179759698784e-02 2.4094411832449591e+01
1.9362987265033406e+14 5.6545597301255253e-02 2.5494250835660864e+01
1.9406208218750000e+14 3.5275024357963550e-02 2.7146227055291089e+01
1.9449622554809844e+14 2.4037969796482355e-02 2.9697280610200153e+01
1.9493231573991031e+14 1.7330639253199533e-02 3.2390186666733250e+01
1.9537036588764044e+14 1.5423780550243869e-02 3.4967570194447745e+01
1.9581038923423425e+14 9.2999053239872370e-03 3.1854481129229551e+01
1.9625239914221219e+14 1.3088556039431560e-02 3.4833015673580420e+01
1.9669640909502262e+14 1.4424256858972343e-02 3.7826346752594368e+01
1.9714243269841272e+14 1.0710585164953042e-02 3.8988433504382229e+01
1.9759048368181819e+14 1.1043294671203215e-02 4.1993594283872945e+01
1.9804057589977219e+14 5.0258932896318238e-03 4.3876203112429224e+01
1.9849272333333331e+14 1.1293586717655627e-02 4.1172985319566799e+01
1.9894694009153316e+14 2.1142872665548144e-02 4.3822990348948643e+01
1.9940324041284403e+14 3.1511858073514018e-02 4.5558128557697593e+01
1.9986163866666666e+14 1.6317613569760282e-02 4.7958233026922372e+01
("port 6","mode 1",1,"port 3",1,"transmission")
(30, 3)
1.8737028625000000e+14 4.7905118609418956e-02 -2.1860800489289960e+00
1.8777497369330453e+14 5.2324874269246389e-02 -5.3527165163033852e-01
1.8818141303030303e+14 6.7302726347582928e-02 2.2192857079408062e+00
1.8858961566160522e+14 3.5818837776750663e-02 4.0796890596228383e+00
1.8899959308695653e+14 6.8092918540019259e-03 5.3536330586777048e+00
1.8941135690631806e+14 6.2438980375116977e-02 8.3069218641194240e+00
1.8982491882096069e+14 5.7083829804154905e-02 1.0252999525016403e+01
1.9024029063457331e+14 3.7219015360529052e-02 1.2779440298250497e+01
1.9065748425438597e+14 3.1332255781387840e-02 1.4680038852499038e+01
1.9107651169230769e+14 3.8783214047902241e-02 1.7114515380895803e+01
1.9149738506607931e+14 4.2314863194731919e-02 1.8884713237831026e+01
1.9192011660044150e+14 3.8512565183063792e-02 2.1504518057650134e+01
1.9234471862831859e+14 5.8167732169787302e-02 2.3304738227495033e+01
1.9277120359201775e+14 6.4515110219731095e-02 2.5859654010472777e+01
1.9319958404444447e+14 6.8885811855612308e-02 2.8150342149847852e+01
1.9362987265033406e+14 5.2595026020818468e-02 3.0904149834138398e+01
1.9406208218750000e+14 4.5749998211725991e-02 2.8180725926094354e+01
1.9449622554809844e+14 4.1687377169643269e-02 3.0767751450417752e+01
1.9493231573991031e+14 4.7271969937893309e-02 3.3159982639475224e+01
1.9537036588764044e+14 4.0522660515469135e-02 3.5881281932414666e+01
1.9581038923423425e+14 3.8361270317409289e-02 3.8186977295359320e+01
1.9625239914221219e+14 4.6910227745367218e-02 4.0925895790821883e+01
1.9669640909502262e+14 2.6322295171230643e-02 4.3271547574912987e+01
1.9714243269841272e+14 3.9784970409402327e-02 4.5467905756966942e+01
1.9759048368181819e+14 3.1411966577222596e-02 4.7588419507258479e+01
1.9804057589977219e+14 3.4110131506646678e-02 4.9851148418546728e+01
1.9849272333333331e+14 2.7521605014204240e-02 4.9638522613637967e+01
1.9894694009153316e+14 1.3382324990331691e-02 4.9374099303020309e+01
1.9940324041284403e+14 3.0304227097145548e-02 5.1777651395050889e+01
1.9986163866666666e+14 3.0764473811356274e-02 5.4781906269926225e+01
("port 6","mode 1",1,"port 4",1,"transmission")
(30, 3)
1.8737028625000000e+14 8.1327525963021067e-03 1.6065338715995843e+00
1.8777497369330453e+14 1.0570335004682603e-02 3.8759726292149375e+00
1.8818141303030303e+14 7.1706736091580415e-03 6.6298059570622740e+00
1.8858961566160522e+14 5.0391595198706661e-03 8.5556752343238145e+00
1.8899959308695653e+14 6.8913452810744867e-03 1.0829742403159011e+01
1.8941135690631806e+14 7.8680610391029283e-03 1.3530588917887693e+01
1.8982491882096069e+14 4.6905165143971981e-03 1.5777851303845416e+01
1.9024029063457331e+14 5.4931600488129315e-03 1.8312102382401719e+01
1.9065748425438597e+14 5.0791538876672725e-03 2.0704353589981832e+01
1.9107651169230769e+14 3.7571670442982075e-03 2.3366065095291759e+01
1.9149738506607931e+14 3.2353077495156381e-03 2.5521482992404135e+01
1.9192011660044150e+14 2.7305603229919404e-03 2.7753083373043896e+01
1.9234471862831859e+14 3.0718256995085390e-03 3.0245200505079026e+01
1.9277120359201775e+14 4.5811508751999836e-03 3.2509144186189346e+01
1.9319958404444447e+14 2.1740962308224626e-03 3.5283525233992449e+01
1.9362987265033406e+14 5.7431560193843120e-03 3.5376075009661022e+01
1.9406208218750000e+14 5.1545891057127747e-03 3.4136948734554622e+01
1.9449622554809844e+14 2.3023093057461591e-03 3.4997610139122763e+01
1.9493231573991031e+14 4.5164405159973022e-03 3.2581462536278764e+01
1.9537036588764044e+14 2.4053073977474740e-03 3.0463545968616678e+01
1.9581038923423425e+14 2.7823355709841739e-03 3.0623700655933270e+01
1.9625239914221219e+14 8.2067562583535668e-03 2.9780700575524410e+01
1.9669640909502262e+14 1.4722393501442040e-03 2.6837334173233877e+01
1.9714243269841272e+14 8.3055295713222767e-03 2.7257655727539852e+01
1.9759048368181819e+14 2.8225055643329579e-03 2.6507348584074201e+01
1.9804057589977219e+14 2.9667130960409236e-03 2.7517008498891684e+01
1.9849272333333331e+14 7.0986121945159388e-03 2.5498851277088558e+01
1.9894694009153316e+14 3.2594197203871665e-03 2.8037658589616004e+01
1.9940324041284403e+14 9.6270764404803432e-03 2.9275186692094177e+01
1.9986163866666666e+14 2.6371386695476446e-03 2.7105332372852331e+01
("port 6","mode 1",1,"port 5",1,"transmission")
(30, 3)
1.8737028625000000e+14 4.0269743307449736e-02 1.1864932319189085e+00
1.8777497369330453e+14 4.0632640418699739e-02 2.5149303436711863e+00
1.8818141303030303e+14 6.0905199919249087e-02 5.3875923415567755e+00
1.8858961566160522e+14 2.7823320021156738e-02 7.2799525790731305e+00
1.8899959308695653e+14 9.9255981858514253e-03 6.7780532782897494e+00
1.8941135690631806e+14 5.4752055217264714e-02 4.9833938329414655e+00
1.8982491882096069e+14 5.5942591561278614e-02 7.0187350451526624e+00
1.9024029063457331e+14 3.2925044434070780e-02 9.5564546330645541e+00
1.9065748425438597e+14 2.7265487437465926e-02 1.1183224775217068e+01
1.9107651169230769e+14 4.2102016329376338e-02 1.3627721492549005e+01
1.9149738506607931e+14 4.8760830564820910e-02 1.5667830885756281e+01
1.9192011660044150e+14 3.8476950687641537e-02 1.8162175907232172e+01
1.9234471862831859e+14 5.9935910035737068e-02 2.0121692532255583e+01
1.9277120359201775e+14 6.4832238086441452e-02 2.2655043818946410e+01
1.9319958404444447e+14 7.8266197997971576e-02 2.4899458136984123e+01
1.9362987265033406e+14 4.1166096465835203e-02 2.7807216200316940e+01
1.9406208218750000e+14 2.9439691845784224e-02 2.5085610479296783e+01
1.9449622554809844e+14 3.8627159579257941e-02 2.7627413536836315e+01
1.9493231573991031e+14 3.9913323379426192e-02 3.0003036718985282e+01
1.9537036588764044e+14 4.0891442430620623e-02 3.2609827411265030e+01
1.9581038923423425e+14 3.3731241152878420e-02 3.5065032006862580e+01
1.9625239914221219e+14 5.0611233802590361e-02 3.7552572997429543e+01
1.9669640909502262e+14 2.8650395849189266e-02 4.0045581751678576e+01
1.9714243269841272e+14 3.1911234845205187e-02 4.2121821659196982e+01
1.9759048368181819e+14 2.8757398925599417e-02 4.4381031016205831e+01
1.9804057589977219e+14 4.0162627162193952e-02 4.6599248316230607e+01
1.9849272333333331e+14 2.7056745044150947e-02 4.6379211128131509e+01
1.9894694009153316e+14 1.1758651968420306e-02 4.6441504269409513e+01
1.9940324041284403e+14 3.3808490650079910e-02 4.8544617214857929e+01
1.9986163866666666e+14 2.6639427519083454e-02 4.5444512626608471e+01
("port 6","mode 1",1,"port 6",1,"transmission")
(30, 3)
1.8737028625000000e+14 3.2586884843048440e-02 7.9155803115358125e-01
1.8777497369330453e+14 3.9516157887381907e-02 3.1835599637607421e+00
1.8818141303030303e+14 3.0667277765821111e-02 5.3640787399992078e+00
1.8858961566160522e+14 4.1772800874639880e-02 7.7895763117617793e+00
1.8899959308695653e+14 6.4328328256917353e-02 1.0209416143218794e+01
1.8941135690631806e+14 2.0354448673599087e-02 1.2752264472033662e+01
1.8982491882096069e+14 1.8402938008113899e-02 1.5062815232323112e+01
1.9024029063457331e+14 5.5292019224070982e-02 1.6334160554093064e+01
1.9065748425438597e+14 5.7294914334646882e-02 1.8535853493665730e+01
1.9107651169230769e+14 7.4782770534689236e-02 2.1125992775190390e+01
1.9149738506607931e+14 4.9342760636799869e-02 2.3651937630764440e+01
1.9192011660044150e+14 5.5875204238540255e-02 2.5126743423655522e+01
1.9234471862831859e+14 5.3264960648926919e-02 2.2635135137138718e+01
1.9277120359201775e+14 4.3562858840835418e-02 2.4935443988535500e+01
1.9319958404444447e+14 5.8034587637669069e-02 2.7300799001374170e+01
1.9362987265033406e+14 6.5870176294270860e-02 2.8713573076009283e+01
1.9406208218750000e+14 3.8913785902646505e-02 3.0519722256062646e+01
1.9449622554809844e+14 1.8978044891715732e-02 3.3052789301414222e+01
1.9493231573991031e+14 1.3704691499138534e-02 3.5597058079970608e+01
1.9537036588764044e+14 9.6511113372225420e-03 3.8161910599136156e+01
1.9581038923423425e+14 4.8390148813248386e-03 3.5378814887801504e+01
1.9625239914221219e+14 8.6368631567661138e-03 3.7714444914778738e+01
1.9669640909502262e+14 5.1548716983283787e-03 3.5062880328386221e+01
1.9714243269841272e+14 7.8259608479214170e-03 3.5179828155433100e+01
1.9759048368181819e+14 5.9997394494677924e-03 3.7428354715424902e+01
1.9804057589977219e+14 1.7987344374083686e-02 3.9587429030595409e+01
1.9849272333333331e+14 7.1098865010094606e-03 3.6795346977876022e+01
1.9894694009153316e+14 1.0649022172187852e-02 3.3756728174046231e+01
1.9940324041284403e+14 2.7639227962591613e-02 3.5892788139799016e+01
1.9986163866666666e+14 1.8788818619838568e-02 3.7954858253630519e+01
